REGION,SETTLEMENTDATE,TOTALDEMAND,RRP,PERIODTYPE
QLD1,"2016/11/01 00:30:00",5672.71,57.19,TRADE
QLD1,"2016/11/01 01:00:00",5524.64,55.57,TRADE
QLD1,"2016/11/01 01:30:00",5351.45,52.82,TRADE
QLD1,"2016/11/01 02:00:00",5293.02,50.81,TRADE
QLD1,"2016/11/01 02:30:00",5271.03,47.43,TRADE
QLD1,"2016/11/01 03:00:00",5300.97,46.94,TRADE
QLD1,"2016/11/01 03:30:00",5274.12,45.72,TRADE
QLD1,"2016/11/01 04:00:00",5278.24,47.5,TRADE
QLD1,"2016/11/01 04:30:00",5317.75,42.78,TRADE
QLD1,"2016/11/01 05:00:00",5374.36,47.27,TRADE
QLD1,"2016/11/01 05:30:00",5503.09,58.7,TRADE
QLD1,"2016/11/01 06:00:00",5710.18,69.82,TRADE
QLD1,"2016/11/01 06:30:00",5991.32,68.77,TRADE
QLD1,"2016/11/01 07:00:00",6336.99,75.26,TRADE
QLD1,"2016/11/01 07:30:00",6622.81,90.88,TRADE
QLD1,"2016/11/01 08:00:00",6693.86,77.41,TRADE
QLD1,"2016/11/01 08:30:00",6713.39,184.04,TRADE
QLD1,"2016/11/01 09:00:00",6726.82,166.18,TRADE
QLD1,"2016/11/01 09:30:00",6764.07,135.11,TRADE
QLD1,"2016/11/01 10:00:00",6789.19,97.91,TRADE
QLD1,"2016/11/01 10:30:00",6822.5,84.26,TRADE
QLD1,"2016/11/01 11:00:00",6809.61,65.84,TRADE
QLD1,"2016/11/01 11:30:00",6781.11,63.88,TRADE
QLD1,"2016/11/01 12:00:00",6736.89,62.1,TRADE
QLD1,"2016/11/01 12:30:00",6700.4,61.74,TRADE
QLD1,"2016/11/01 13:00:00",6716.77,63.9,TRADE
QLD1,"2016/11/01 13:30:00",6773.41,64.38,TRADE
QLD1,"2016/11/01 14:00:00",6791.85,65,TRADE
QLD1,"2016/11/01 14:30:00",6908.18,76.36,TRADE
QLD1,"2016/11/01 15:00:00",6925.41,84.15,TRADE
QLD1,"2016/11/01 15:30:00",6945.79,95.95,TRADE
QLD1,"2016/11/01 16:00:00",6956.87,76.81,TRADE
QLD1,"2016/11/01 16:30:00",6985.35,110.71,TRADE
QLD1,"2016/11/01 17:00:00",7173.3,82.09,TRADE
QLD1,"2016/11/01 17:30:00",7166.15,66.61,TRADE
QLD1,"2016/11/01 18:00:00",7184.69,67.32,TRADE
QLD1,"2016/11/01 18:30:00",7201.41,61.68,TRADE
QLD1,"2016/11/01 19:00:00",7422.51,105.09,TRADE
QLD1,"2016/11/01 19:30:00",7327.34,71.31,TRADE
QLD1,"2016/11/01 20:00:00",7235.49,68.19,TRADE
QLD1,"2016/11/01 20:30:00",7116.59,59.35,TRADE
QLD1,"2016/11/01 21:00:00",6885.83,54.59,TRADE
QLD1,"2016/11/01 21:30:00",6712.4,55.19,TRADE
QLD1,"2016/11/01 22:00:00",6490.24,42.5,TRADE
QLD1,"2016/11/01 22:30:00",6335.13,51.33,TRADE
QLD1,"2016/11/01 23:00:00",6225.27,56.61,TRADE
QLD1,"2016/11/01 23:30:00",6055.6,55.22,TRADE
QLD1,"2016/11/02 00:00:00",5775.97,52.75,TRADE
QLD1,"2016/11/02 00:30:00",5617.05,54.3,TRADE
QLD1,"2016/11/02 01:00:00",5476.93,50.77,TRADE
QLD1,"2016/11/02 01:30:00",5322.95,43.56,TRADE
QLD1,"2016/11/02 02:00:00",5223.68,37.24,TRADE
QLD1,"2016/11/02 02:30:00",5179.78,36.34,TRADE
QLD1,"2016/11/02 03:00:00",5158.49,35.46,TRADE
QLD1,"2016/11/02 03:30:00",5158.78,36.35,TRADE
QLD1,"2016/11/02 04:00:00",5173.86,38.55,TRADE
QLD1,"2016/11/02 04:30:00",5188.01,34.91,TRADE
QLD1,"2016/11/02 05:00:00",5217.28,44.89,TRADE
QLD1,"2016/11/02 05:30:00",5360.84,51.38,TRADE
QLD1,"2016/11/02 06:00:00",5543.92,53.08,TRADE
QLD1,"2016/11/02 06:30:00",5831.22,55.07,TRADE
QLD1,"2016/11/02 07:00:00",6078.36,60.27,TRADE
QLD1,"2016/11/02 07:30:00",6263.42,55.24,TRADE
QLD1,"2016/11/02 08:00:00",6230.22,54.58,TRADE
QLD1,"2016/11/02 08:30:00",6174.36,54.4,TRADE
QLD1,"2016/11/02 09:00:00",6099.73,54.83,TRADE
QLD1,"2016/11/02 09:30:00",6095.79,53.01,TRADE
QLD1,"2016/11/02 10:00:00",6042.07,57.64,TRADE
QLD1,"2016/11/02 10:30:00",6045.76,56.38,TRADE
QLD1,"2016/11/02 11:00:00",6075.73,54.64,TRADE
QLD1,"2016/11/02 11:30:00",6085.89,44.56,TRADE
QLD1,"2016/11/02 12:00:00",6124.76,67.16,TRADE
QLD1,"2016/11/02 12:30:00",6152.49,58.3,TRADE
QLD1,"2016/11/02 13:00:00",6244.27,53.11,TRADE
QLD1,"2016/11/02 13:30:00",6285.77,51.96,TRADE
QLD1,"2016/11/02 14:00:00",6315.94,51.9,TRADE
QLD1,"2016/11/02 14:30:00",6422.83,48.32,TRADE
QLD1,"2016/11/02 15:00:00",6497.57,57.36,TRADE
QLD1,"2016/11/02 15:30:00",6561.87,50.75,TRADE
QLD1,"2016/11/02 16:00:00",6722.91,55.5,TRADE
QLD1,"2016/11/02 16:30:00",6898.09,71.97,TRADE
QLD1,"2016/11/02 17:00:00",7096.48,65.78,TRADE
QLD1,"2016/11/02 17:30:00",7121.36,67.13,TRADE
QLD1,"2016/11/02 18:00:00",7065.24,64.19,TRADE
QLD1,"2016/11/02 18:30:00",7163.4,60.57,TRADE
QLD1,"2016/11/02 19:00:00",7370.43,117.63,TRADE
QLD1,"2016/11/02 19:30:00",7214.86,129.45,TRADE
QLD1,"2016/11/02 20:00:00",7141.46,87.23,TRADE
QLD1,"2016/11/02 20:30:00",7049.07,69.46,TRADE
QLD1,"2016/11/02 21:00:00",6859.88,55.88,TRADE
QLD1,"2016/11/02 21:30:00",6653.46,54.41,TRADE
QLD1,"2016/11/02 22:00:00",6441.85,50.38,TRADE
QLD1,"2016/11/02 22:30:00",6281.72,72.86,TRADE
QLD1,"2016/11/02 23:00:00",6206.24,82.6,TRADE
QLD1,"2016/11/02 23:30:00",6035.95,74.51,TRADE
QLD1,"2016/11/03 00:00:00",5756.56,99.05,TRADE
QLD1,"2016/11/03 00:30:00",5546.7,50.83,TRADE
QLD1,"2016/11/03 01:00:00",5430.97,53.77,TRADE
QLD1,"2016/11/03 01:30:00",5320.12,49.1,TRADE
QLD1,"2016/11/03 02:00:00",5244.23,49.17,TRADE
QLD1,"2016/11/03 02:30:00",5217.8,48.08,TRADE
QLD1,"2016/11/03 03:00:00",5154.62,42.74,TRADE
QLD1,"2016/11/03 03:30:00",5168.82,44.73,TRADE
QLD1,"2016/11/03 04:00:00",5169.47,47.45,TRADE
QLD1,"2016/11/03 04:30:00",5191.76,53.48,TRADE
QLD1,"2016/11/03 05:00:00",5257.04,56.42,TRADE
QLD1,"2016/11/03 05:30:00",5422.1,66.46,TRADE
QLD1,"2016/11/03 06:00:00",5549.87,55.23,TRADE
QLD1,"2016/11/03 06:30:00",5843.02,58.12,TRADE
QLD1,"2016/11/03 07:00:00",6124.55,75.55,TRADE
QLD1,"2016/11/03 07:30:00",6337.26,54.97,TRADE
QLD1,"2016/11/03 08:00:00",6362.24,54.81,TRADE
QLD1,"2016/11/03 08:30:00",6374.63,56.37,TRADE
QLD1,"2016/11/03 09:00:00",6396.5,56.71,TRADE
QLD1,"2016/11/03 09:30:00",6401.98,54.9,TRADE
QLD1,"2016/11/03 10:00:00",6334.02,56.35,TRADE
QLD1,"2016/11/03 10:30:00",6345.05,58.34,TRADE
QLD1,"2016/11/03 11:00:00",6375.39,57.73,TRADE
QLD1,"2016/11/03 11:30:00",6431.95,60.54,TRADE
QLD1,"2016/11/03 12:00:00",6506.22,67.97,TRADE
QLD1,"2016/11/03 12:30:00",6512.98,67.22,TRADE
QLD1,"2016/11/03 13:00:00",6545.69,70.45,TRADE
QLD1,"2016/11/03 13:30:00",6624.58,68.7,TRADE
QLD1,"2016/11/03 14:00:00",6629.7,58.55,TRADE
QLD1,"2016/11/03 14:30:00",6735.89,58.59,TRADE
QLD1,"2016/11/03 15:00:00",6739.14,57.75,TRADE
QLD1,"2016/11/03 15:30:00",6743.47,66.16,TRADE
QLD1,"2016/11/03 16:00:00",6821.51,70.1,TRADE
QLD1,"2016/11/03 16:30:00",6946.14,72.43,TRADE
QLD1,"2016/11/03 17:00:00",6990.15,96.34,TRADE
QLD1,"2016/11/03 17:30:00",7087.62,78.37,TRADE
QLD1,"2016/11/03 18:00:00",7098,72.91,TRADE
QLD1,"2016/11/03 18:30:00",7191.73,63.65,TRADE
QLD1,"2016/11/03 19:00:00",7363.82,92.63,TRADE
QLD1,"2016/11/03 19:30:00",7169.43,127.72,TRADE
QLD1,"2016/11/03 20:00:00",7079.66,90.43,TRADE
QLD1,"2016/11/03 20:30:00",7009.61,76.27,TRADE
QLD1,"2016/11/03 21:00:00",6843.92,56.22,TRADE
QLD1,"2016/11/03 21:30:00",6669.75,53.4,TRADE
QLD1,"2016/11/03 22:00:00",6461.6,51,TRADE
QLD1,"2016/11/03 22:30:00",6314.43,56.92,TRADE
QLD1,"2016/11/03 23:00:00",6266.24,59.68,TRADE
QLD1,"2016/11/03 23:30:00",6062.89,61.5,TRADE
QLD1,"2016/11/04 00:00:00",5780.62,61.22,TRADE
QLD1,"2016/11/04 00:30:00",5617.12,55.51,TRADE
QLD1,"2016/11/04 01:00:00",5479.05,55.1,TRADE
QLD1,"2016/11/04 01:30:00",5321.25,46.92,TRADE
QLD1,"2016/11/04 02:00:00",5229.61,44.78,TRADE
QLD1,"2016/11/04 02:30:00",5199.66,34.31,TRADE
QLD1,"2016/11/04 03:00:00",5244.62,40.7,TRADE
QLD1,"2016/11/04 03:30:00",5245.9,51.23,TRADE
QLD1,"2016/11/04 04:00:00",5231.03,34.36,TRADE
QLD1,"2016/11/04 04:30:00",5273.81,44,TRADE
QLD1,"2016/11/04 05:00:00",5380.73,46.12,TRADE
QLD1,"2016/11/04 05:30:00",5504.71,52.87,TRADE
QLD1,"2016/11/04 06:00:00",5686.1,57.85,TRADE
QLD1,"2016/11/04 06:30:00",5948.62,58.68,TRADE
QLD1,"2016/11/04 07:00:00",6222.15,70.82,TRADE
QLD1,"2016/11/04 07:30:00",6396.31,54.38,TRADE
QLD1,"2016/11/04 08:00:00",6412.77,57.74,TRADE
QLD1,"2016/11/04 08:30:00",6393.74,57.52,TRADE
QLD1,"2016/11/04 09:00:00",6317.3,56.69,TRADE
QLD1,"2016/11/04 09:30:00",6330.06,56.05,TRADE
QLD1,"2016/11/04 10:00:00",6295.37,54.05,TRADE
QLD1,"2016/11/04 10:30:00",6320.54,54.31,TRADE
QLD1,"2016/11/04 11:00:00",6352.82,60.01,TRADE
QLD1,"2016/11/04 11:30:00",6431.5,56.88,TRADE
QLD1,"2016/11/04 12:00:00",6521.53,64.42,TRADE
QLD1,"2016/11/04 12:30:00",6573.83,69.88,TRADE
QLD1,"2016/11/04 13:00:00",6583.15,63.44,TRADE
QLD1,"2016/11/04 13:30:00",6612.35,59.28,TRADE
QLD1,"2016/11/04 14:00:00",6703.3,66.02,TRADE
QLD1,"2016/11/04 14:30:00",6757.08,66.6,TRADE
QLD1,"2016/11/04 15:00:00",6807.4,64.37,TRADE
QLD1,"2016/11/04 15:30:00",6846.64,82.78,TRADE
QLD1,"2016/11/04 16:00:00",6957.06,136.06,TRADE
QLD1,"2016/11/04 16:30:00",7048.92,92.39,TRADE
QLD1,"2016/11/04 17:00:00",7176.87,62.39,TRADE
QLD1,"2016/11/04 17:30:00",7194.8,62.62,TRADE
QLD1,"2016/11/04 18:00:00",7035.59,54.99,TRADE
QLD1,"2016/11/04 18:30:00",6982.72,51.66,TRADE
QLD1,"2016/11/04 19:00:00",7158.57,85.43,TRADE
QLD1,"2016/11/04 19:30:00",7052.41,62.87,TRADE
QLD1,"2016/11/04 20:00:00",6988.01,63.71,TRADE
QLD1,"2016/11/04 20:30:00",6903.79,55.8,TRADE
QLD1,"2016/11/04 21:00:00",6688.24,49.96,TRADE
QLD1,"2016/11/04 21:30:00",6562.45,43.1,TRADE
QLD1,"2016/11/04 22:00:00",6405.12,30.64,TRADE
QLD1,"2016/11/04 22:30:00",6287.67,55.65,TRADE
QLD1,"2016/11/04 23:00:00",6297.89,89.98,TRADE
QLD1,"2016/11/04 23:30:00",6056.3,46.84,TRADE
QLD1,"2016/11/05 00:00:00",5785.03,32.58,TRADE
QLD1,"2016/11/05 00:30:00",5591.02,43.78,TRADE
QLD1,"2016/11/05 01:00:00",5460.69,38.63,TRADE
QLD1,"2016/11/05 01:30:00",5301.24,30.58,TRADE
QLD1,"2016/11/05 02:00:00",5227.86,28.31,TRADE
QLD1,"2016/11/05 02:30:00",5201.03,28.14,TRADE
QLD1,"2016/11/05 03:00:00",5186.16,27.34,TRADE
QLD1,"2016/11/05 03:30:00",5195.72,27.94,TRADE
QLD1,"2016/11/05 04:00:00",5181.54,31.7,TRADE
QLD1,"2016/11/05 04:30:00",5166.52,41.34,TRADE
QLD1,"2016/11/05 05:00:00",5152.2,41.3,TRADE
QLD1,"2016/11/05 05:30:00",5143.91,46.04,TRADE
QLD1,"2016/11/05 06:00:00",5169.95,48.18,TRADE
QLD1,"2016/11/05 06:30:00",5242.42,42.84,TRADE
QLD1,"2016/11/05 07:00:00",5420.59,51.38,TRADE
QLD1,"2016/11/05 07:30:00",5542.93,56.09,TRADE
QLD1,"2016/11/05 08:00:00",5566.58,52.02,TRADE
QLD1,"2016/11/05 08:30:00",5655.35,57.67,TRADE
QLD1,"2016/11/05 09:00:00",5745.94,53.56,TRADE
QLD1,"2016/11/05 09:30:00",5820.96,53.83,TRADE
QLD1,"2016/11/05 10:00:00",5814.04,50.04,TRADE
QLD1,"2016/11/05 10:30:00",5809.12,47.5,TRADE
QLD1,"2016/11/05 11:00:00",5848.81,48.75,TRADE
QLD1,"2016/11/05 11:30:00",5881.82,48.9,TRADE
QLD1,"2016/11/05 12:00:00",5897.09,49,TRADE
QLD1,"2016/11/05 12:30:00",5954.34,48.52,TRADE
QLD1,"2016/11/05 13:00:00",6024.04,49.8,TRADE
QLD1,"2016/11/05 13:30:00",6170.84,51.01,TRADE
QLD1,"2016/11/05 14:00:00",6248.52,52.45,TRADE
QLD1,"2016/11/05 14:30:00",6371.68,55.12,TRADE
QLD1,"2016/11/05 15:00:00",6450.72,53.77,TRADE
QLD1,"2016/11/05 15:30:00",6614.98,57.47,TRADE
QLD1,"2016/11/05 16:00:00",6795.77,65.31,TRADE
QLD1,"2016/11/05 16:30:00",6936.74,55.86,TRADE
QLD1,"2016/11/05 17:00:00",7089.99,68.78,TRADE
QLD1,"2016/11/05 17:30:00",6993.9,69.77,TRADE
QLD1,"2016/11/05 18:00:00",6984.26,63.91,TRADE
QLD1,"2016/11/05 18:30:00",7030.78,57.19,TRADE
QLD1,"2016/11/05 19:00:00",7206.06,115.45,TRADE
QLD1,"2016/11/05 19:30:00",7068.3,79.56,TRADE
QLD1,"2016/11/05 20:00:00",6996.72,65.94,TRADE
QLD1,"2016/11/05 20:30:00",6881.11,62.07,TRADE
QLD1,"2016/11/05 21:00:00",6701.11,62.75,TRADE
QLD1,"2016/11/05 21:30:00",6507.44,63.32,TRADE
QLD1,"2016/11/05 22:00:00",6358.61,57.6,TRADE
QLD1,"2016/11/05 22:30:00",6256.5,58.92,TRADE
QLD1,"2016/11/05 23:00:00",6234.2,57.46,TRADE
QLD1,"2016/11/05 23:30:00",6043.09,53.78,TRADE
QLD1,"2016/11/06 00:00:00",5750.48,51.92,TRADE
QLD1,"2016/11/06 00:30:00",5621.92,50.38,TRADE
QLD1,"2016/11/06 01:00:00",5480.88,49.61,TRADE
QLD1,"2016/11/06 01:30:00",5346.6,44.34,TRADE
QLD1,"2016/11/06 02:00:00",5265.28,43.62,TRADE
QLD1,"2016/11/06 02:30:00",5202.76,33.01,TRADE
QLD1,"2016/11/06 03:00:00",5176.31,33.05,TRADE
QLD1,"2016/11/06 03:30:00",5162.6,30.58,TRADE
QLD1,"2016/11/06 04:00:00",5105.48,30.38,TRADE
QLD1,"2016/11/06 04:30:00",5138.32,37.1,TRADE
QLD1,"2016/11/06 05:00:00",5107.65,33.86,TRADE
QLD1,"2016/11/06 05:30:00",5092.52,37.57,TRADE
QLD1,"2016/11/06 06:00:00",5080.09,40.59,TRADE
QLD1,"2016/11/06 06:30:00",5120.48,41.42,TRADE
QLD1,"2016/11/06 07:00:00",5165.95,45.89,TRADE
QLD1,"2016/11/06 07:30:00",5282.02,44.97,TRADE
QLD1,"2016/11/06 08:00:00",5290.87,45.19,TRADE
QLD1,"2016/11/06 08:30:00",5380.64,45.88,TRADE
QLD1,"2016/11/06 09:00:00",5438.78,46.41,TRADE
QLD1,"2016/11/06 09:30:00",5505.61,47.32,TRADE
QLD1,"2016/11/06 10:00:00",5514.23,47.58,TRADE
QLD1,"2016/11/06 10:30:00",5564.48,46.95,TRADE
QLD1,"2016/11/06 11:00:00",5586.78,46.99,TRADE
QLD1,"2016/11/06 11:30:00",5651.79,47.56,TRADE
QLD1,"2016/11/06 12:00:00",5686,43.98,TRADE
QLD1,"2016/11/06 12:30:00",5749.83,48.65,TRADE
QLD1,"2016/11/06 13:00:00",5867.66,49.24,TRADE
QLD1,"2016/11/06 13:30:00",5953.47,48.11,TRADE
QLD1,"2016/11/06 14:00:00",6074.72,51.55,TRADE
QLD1,"2016/11/06 14:30:00",6194.12,53.37,TRADE
QLD1,"2016/11/06 15:00:00",6350.28,54.3,TRADE
QLD1,"2016/11/06 15:30:00",6474.81,53.9,TRADE
QLD1,"2016/11/06 16:00:00",6652.31,53.55,TRADE
QLD1,"2016/11/06 16:30:00",6824.62,54.11,TRADE
QLD1,"2016/11/06 17:00:00",7002.31,54.29,TRADE
QLD1,"2016/11/06 17:30:00",7084.73,54.39,TRADE
QLD1,"2016/11/06 18:00:00",7082.13,55.38,TRADE
QLD1,"2016/11/06 18:30:00",7162.6,64.48,TRADE
QLD1,"2016/11/06 19:00:00",7333.65,180.94,TRADE
QLD1,"2016/11/06 19:30:00",7110.7,75.87,TRADE
QLD1,"2016/11/06 20:00:00",7052.91,94.71,TRADE
QLD1,"2016/11/06 20:30:00",6993.39,65.68,TRADE
QLD1,"2016/11/06 21:00:00",6829.76,60.96,TRADE
QLD1,"2016/11/06 21:30:00",6618.38,57.77,TRADE
QLD1,"2016/11/06 22:00:00",6384.66,53,TRADE
QLD1,"2016/11/06 22:30:00",6250.35,64.39,TRADE
QLD1,"2016/11/06 23:00:00",6185.04,57.48,TRADE
QLD1,"2016/11/06 23:30:00",5983.16,58.09,TRADE
QLD1,"2016/11/07 00:00:00",5714.59,54.84,TRADE
QLD1,"2016/11/07 00:30:00",5570.67,51.74,TRADE
QLD1,"2016/11/07 01:00:00",5426.18,42.4,TRADE
QLD1,"2016/11/07 01:30:00",5345.83,46.56,TRADE
QLD1,"2016/11/07 02:00:00",5269.92,41.88,TRADE
QLD1,"2016/11/07 02:30:00",5253.53,36.8,TRADE
QLD1,"2016/11/07 03:00:00",5241.22,38.78,TRADE
QLD1,"2016/11/07 03:30:00",5211.54,42.41,TRADE
QLD1,"2016/11/07 04:00:00",5233.7,41.09,TRADE
QLD1,"2016/11/07 04:30:00",5258.19,51.1,TRADE
QLD1,"2016/11/07 05:00:00",5330.08,52.13,TRADE
QLD1,"2016/11/07 05:30:00",5464.38,55.46,TRADE
QLD1,"2016/11/07 06:00:00",5639.61,52.73,TRADE
QLD1,"2016/11/07 06:30:00",5959.77,62.31,TRADE
QLD1,"2016/11/07 07:00:00",6300.15,62.05,TRADE
QLD1,"2016/11/07 07:30:00",6539.14,77.23,TRADE
QLD1,"2016/11/07 08:00:00",6657.36,85.69,TRADE
QLD1,"2016/11/07 08:30:00",6694.46,79.27,TRADE
QLD1,"2016/11/07 09:00:00",6672.57,80.76,TRADE
QLD1,"2016/11/07 09:30:00",6693.06,85.88,TRADE
QLD1,"2016/11/07 10:00:00",6635.87,83.39,TRADE
QLD1,"2016/11/07 10:30:00",6662.83,70.54,TRADE
QLD1,"2016/11/07 11:00:00",6696.04,83.38,TRADE
QLD1,"2016/11/07 11:30:00",6682.2,80.46,TRADE
QLD1,"2016/11/07 12:00:00",6742.86,91.39,TRADE
QLD1,"2016/11/07 12:30:00",6769.56,98.44,TRADE
QLD1,"2016/11/07 13:00:00",6832.58,92.78,TRADE
QLD1,"2016/11/07 13:30:00",6924.73,121.52,TRADE
QLD1,"2016/11/07 14:00:00",6926.36,151.37,TRADE
QLD1,"2016/11/07 14:30:00",7040.78,120.98,TRADE
QLD1,"2016/11/07 15:00:00",7135.76,143.47,TRADE
QLD1,"2016/11/07 15:30:00",7244.12,172.34,TRADE
QLD1,"2016/11/07 16:00:00",7365.01,164.28,TRADE
QLD1,"2016/11/07 16:30:00",7538.63,163.05,TRADE
QLD1,"2016/11/07 17:00:00",7662.56,179.3,TRADE
QLD1,"2016/11/07 17:30:00",7595.76,106.89,TRADE
QLD1,"2016/11/07 18:00:00",7589.92,120.77,TRADE
QLD1,"2016/11/07 18:30:00",7607.83,80.09,TRADE
QLD1,"2016/11/07 19:00:00",7826.73,101.35,TRADE
QLD1,"2016/11/07 19:30:00",7671.1,94.74,TRADE
QLD1,"2016/11/07 20:00:00",7518.89,86.26,TRADE
QLD1,"2016/11/07 20:30:00",7364.34,96.25,TRADE
QLD1,"2016/11/07 21:00:00",7185.06,59.92,TRADE
QLD1,"2016/11/07 21:30:00",7002.27,83.09,TRADE
QLD1,"2016/11/07 22:00:00",6788.62,55.38,TRADE
QLD1,"2016/11/07 22:30:00",6587.82,143.05,TRADE
QLD1,"2016/11/07 23:00:00",6467.71,109.17,TRADE
QLD1,"2016/11/07 23:30:00",6251.06,68.03,TRADE
QLD1,"2016/11/08 00:00:00",5966.26,61.27,TRADE
QLD1,"2016/11/08 00:30:00",5804.12,50.87,TRADE
QLD1,"2016/11/08 01:00:00",5676.51,52.1,TRADE
QLD1,"2016/11/08 01:30:00",5556.09,43.98,TRADE
QLD1,"2016/11/08 02:00:00",5502.48,40.72,TRADE
QLD1,"2016/11/08 02:30:00",5467.85,35.98,TRADE
QLD1,"2016/11/08 03:00:00",5420.73,37.33,TRADE
QLD1,"2016/11/08 03:30:00",5418.83,38.95,TRADE
QLD1,"2016/11/08 04:00:00",5414.58,40.81,TRADE
QLD1,"2016/11/08 04:30:00",5462.57,54.68,TRADE
QLD1,"2016/11/08 05:00:00",5529.81,61.34,TRADE
QLD1,"2016/11/08 05:30:00",5620.85,95.95,TRADE
QLD1,"2016/11/08 06:00:00",5764.15,127.1,TRADE
QLD1,"2016/11/08 06:30:00",6084.58,99.02,TRADE
QLD1,"2016/11/08 07:00:00",6373.03,98.43,TRADE
QLD1,"2016/11/08 07:30:00",6708.54,98.57,TRADE
QLD1,"2016/11/08 08:00:00",6751.9,141.95,TRADE
QLD1,"2016/11/08 08:30:00",6782.68,100.79,TRADE
QLD1,"2016/11/08 09:00:00",6789.31,90.14,TRADE
QLD1,"2016/11/08 09:30:00",6791.38,123.74,TRADE
QLD1,"2016/11/08 10:00:00",6832.93,162.88,TRADE
QLD1,"2016/11/08 10:30:00",6877.71,95.16,TRADE
QLD1,"2016/11/08 11:00:00",6972.58,113.48,TRADE
QLD1,"2016/11/08 11:30:00",7104.03,109.84,TRADE
QLD1,"2016/11/08 12:00:00",7158.94,158.31,TRADE
QLD1,"2016/11/08 12:30:00",7230.16,121.12,TRADE
QLD1,"2016/11/08 13:00:00",7363.19,176.69,TRADE
QLD1,"2016/11/08 13:30:00",7443.55,134.07,TRADE
QLD1,"2016/11/08 14:00:00",7452.73,141.65,TRADE
QLD1,"2016/11/08 14:30:00",7527.68,149.21,TRADE
QLD1,"2016/11/08 15:00:00",7589.01,578.76,TRADE
QLD1,"2016/11/08 15:30:00",7562.15,2029.11,TRADE
QLD1,"2016/11/08 16:00:00",7588.32,59.95,TRADE
QLD1,"2016/11/08 16:30:00",7697.34,61.17,TRADE
QLD1,"2016/11/08 17:00:00",7743.78,60.4,TRADE
QLD1,"2016/11/08 17:30:00",7560.42,51.12,TRADE
QLD1,"2016/11/08 18:00:00",7507.07,58.55,TRADE
QLD1,"2016/11/08 18:30:00",7587.22,61.22,TRADE
QLD1,"2016/11/08 19:00:00",7764.89,74.38,TRADE
QLD1,"2016/11/08 19:30:00",7622.37,64.05,TRADE
QLD1,"2016/11/08 20:00:00",7514.57,82.88,TRADE
QLD1,"2016/11/08 20:30:00",7406.24,85.66,TRADE
QLD1,"2016/11/08 21:00:00",7155.14,59.85,TRADE
QLD1,"2016/11/08 21:30:00",6976.67,53.78,TRADE
QLD1,"2016/11/08 22:00:00",6744.2,42.12,TRADE
QLD1,"2016/11/08 22:30:00",6555.74,85.26,TRADE
QLD1,"2016/11/08 23:00:00",6464.65,57.35,TRADE
QLD1,"2016/11/08 23:30:00",6208.94,53.64,TRADE
QLD1,"2016/11/09 00:00:00",5936.34,60.02,TRADE
QLD1,"2016/11/09 00:30:00",5757.05,53.54,TRADE
QLD1,"2016/11/09 01:00:00",5636.31,53.44,TRADE
QLD1,"2016/11/09 01:30:00",5522.19,50.43,TRADE
QLD1,"2016/11/09 02:00:00",5413.2,49.72,TRADE
QLD1,"2016/11/09 02:30:00",5449.44,54.11,TRADE
QLD1,"2016/11/09 03:00:00",5422.62,53.02,TRADE
QLD1,"2016/11/09 03:30:00",5403.31,54.3,TRADE
QLD1,"2016/11/09 04:00:00",5414.62,53.08,TRADE
QLD1,"2016/11/09 04:30:00",5447.56,51.18,TRADE
QLD1,"2016/11/09 05:00:00",5502.7,52.54,TRADE
QLD1,"2016/11/09 05:30:00",5673.36,79.56,TRADE
QLD1,"2016/11/09 06:00:00",5818.34,90.63,TRADE
QLD1,"2016/11/09 06:30:00",6078.37,102.7,TRADE
QLD1,"2016/11/09 07:00:00",6409.97,105.19,TRADE
QLD1,"2016/11/09 07:30:00",6751.54,95.07,TRADE
QLD1,"2016/11/09 08:00:00",6832.87,99.52,TRADE
QLD1,"2016/11/09 08:30:00",6847.62,124.36,TRADE
QLD1,"2016/11/09 09:00:00",6753.49,94.64,TRADE
QLD1,"2016/11/09 09:30:00",6746.46,97.86,TRADE
QLD1,"2016/11/09 10:00:00",6797.54,200.55,TRADE
QLD1,"2016/11/09 10:30:00",6988.09,199.62,TRADE
QLD1,"2016/11/09 11:00:00",7124.89,108.25,TRADE
QLD1,"2016/11/09 11:30:00",7091.77,90.75,TRADE
QLD1,"2016/11/09 12:00:00",7102.34,90.95,TRADE
QLD1,"2016/11/09 12:30:00",7175.17,98.18,TRADE
QLD1,"2016/11/09 13:00:00",7239.93,90.49,TRADE
QLD1,"2016/11/09 13:30:00",7317.07,93.76,TRADE
QLD1,"2016/11/09 14:00:00",7455.77,105.54,TRADE
QLD1,"2016/11/09 14:30:00",7490.22,126.79,TRADE
QLD1,"2016/11/09 15:00:00",7627.7,150.04,TRADE
QLD1,"2016/11/09 15:30:00",7730.8,161.14,TRADE
QLD1,"2016/11/09 16:00:00",7754.69,153.44,TRADE
QLD1,"2016/11/09 16:30:00",7835.32,150.07,TRADE
QLD1,"2016/11/09 17:00:00",7854.34,149.15,TRADE
QLD1,"2016/11/09 17:30:00",7817.32,117.45,TRADE
QLD1,"2016/11/09 18:00:00",7718.96,95.99,TRADE
QLD1,"2016/11/09 18:30:00",7687.08,72.48,TRADE
QLD1,"2016/11/09 19:00:00",7757.76,85.7,TRADE
QLD1,"2016/11/09 19:30:00",7619.33,72.92,TRADE
QLD1,"2016/11/09 20:00:00",7592.07,139.19,TRADE
QLD1,"2016/11/09 20:30:00",7424.12,84.74,TRADE
QLD1,"2016/11/09 21:00:00",7146,74.19,TRADE
QLD1,"2016/11/09 21:30:00",7021.57,95.79,TRADE
QLD1,"2016/11/09 22:00:00",6868.98,78.79,TRADE
QLD1,"2016/11/09 22:30:00",6619.74,151.83,TRADE
QLD1,"2016/11/09 23:00:00",6565.84,146,TRADE
QLD1,"2016/11/09 23:30:00",6345.32,95.79,TRADE
QLD1,"2016/11/10 00:00:00",6002.32,91.15,TRADE
QLD1,"2016/11/10 00:30:00",5800.79,67.37,TRADE
QLD1,"2016/11/10 01:00:00",5714.19,77.18,TRADE
QLD1,"2016/11/10 01:30:00",5575.45,51.82,TRADE
QLD1,"2016/11/10 02:00:00",5482.84,51.52,TRADE
QLD1,"2016/11/10 02:30:00",5447.07,50.86,TRADE
QLD1,"2016/11/10 03:00:00",5470.53,52.68,TRADE
QLD1,"2016/11/10 03:30:00",5421.81,49.06,TRADE
QLD1,"2016/11/10 04:00:00",5410.74,50.65,TRADE
QLD1,"2016/11/10 04:30:00",5483.25,53.71,TRADE
QLD1,"2016/11/10 05:00:00",5550.86,61.32,TRADE
QLD1,"2016/11/10 05:30:00",5690.78,82.66,TRADE
QLD1,"2016/11/10 06:00:00",5804.12,86.91,TRADE
QLD1,"2016/11/10 06:30:00",6079.09,85.31,TRADE
QLD1,"2016/11/10 07:00:00",6328.21,111.49,TRADE
QLD1,"2016/11/10 07:30:00",6617.35,65.01,TRADE
QLD1,"2016/11/10 08:00:00",6735.94,70.58,TRADE
QLD1,"2016/11/10 08:30:00",6763.25,61.39,TRADE
QLD1,"2016/11/10 09:00:00",6818.39,62.74,TRADE
QLD1,"2016/11/10 09:30:00",6941.27,93.05,TRADE
QLD1,"2016/11/10 10:00:00",6974.86,96.02,TRADE
QLD1,"2016/11/10 10:30:00",7011.94,76.2,TRADE
QLD1,"2016/11/10 11:00:00",7030.93,67.53,TRADE
QLD1,"2016/11/10 11:30:00",7088.67,89.53,TRADE
QLD1,"2016/11/10 12:00:00",7201.86,94.58,TRADE
QLD1,"2016/11/10 12:30:00",7361.7,104.79,TRADE
QLD1,"2016/11/10 13:00:00",7500.8,94.01,TRADE
QLD1,"2016/11/10 13:30:00",7622.39,96.28,TRADE
QLD1,"2016/11/10 14:00:00",7702.89,82.88,TRADE
QLD1,"2016/11/10 14:30:00",7822.34,89.46,TRADE
QLD1,"2016/11/10 15:00:00",7900.16,115.8,TRADE
QLD1,"2016/11/10 15:30:00",8027.73,94.25,TRADE
QLD1,"2016/11/10 16:00:00",8132.43,94.68,TRADE
QLD1,"2016/11/10 16:30:00",8239.52,92.07,TRADE
QLD1,"2016/11/10 17:00:00",8263.97,129.64,TRADE
QLD1,"2016/11/10 17:30:00",8254.71,93.87,TRADE
QLD1,"2016/11/10 18:00:00",8171.32,92.72,TRADE
QLD1,"2016/11/10 18:30:00",8133.04,77.47,TRADE
QLD1,"2016/11/10 19:00:00",8393.66,140.56,TRADE
QLD1,"2016/11/10 19:30:00",8256.62,91.6,TRADE
QLD1,"2016/11/10 20:00:00",8119.85,181.37,TRADE
QLD1,"2016/11/10 20:30:00",7973.98,95.92,TRADE
QLD1,"2016/11/10 21:00:00",7685.7,71.47,TRADE
QLD1,"2016/11/10 21:30:00",7401.81,70.35,TRADE
QLD1,"2016/11/10 22:00:00",7148.64,54.37,TRADE
QLD1,"2016/11/10 22:30:00",6881.54,107.59,TRADE
QLD1,"2016/11/10 23:00:00",6770.32,116.47,TRADE
QLD1,"2016/11/10 23:30:00",6529.05,81.86,TRADE
QLD1,"2016/11/11 00:00:00",6175.97,69.87,TRADE
QLD1,"2016/11/11 00:30:00",5983.88,55.73,TRADE
QLD1,"2016/11/11 01:00:00",5823.46,59.19,TRADE
QLD1,"2016/11/11 01:30:00",5662.95,53.73,TRADE
QLD1,"2016/11/11 02:00:00",5597.81,53.38,TRADE
QLD1,"2016/11/11 02:30:00",5573.46,53.34,TRADE
QLD1,"2016/11/11 03:00:00",5494.91,52.22,TRADE
QLD1,"2016/11/11 03:30:00",5525.49,53.39,TRADE
QLD1,"2016/11/11 04:00:00",5514.86,54.66,TRADE
QLD1,"2016/11/11 04:30:00",5575.54,54.39,TRADE
QLD1,"2016/11/11 05:00:00",5595.64,57.6,TRADE
QLD1,"2016/11/11 05:30:00",5782.03,64.98,TRADE
QLD1,"2016/11/11 06:00:00",5910.66,78.92,TRADE
QLD1,"2016/11/11 06:30:00",6228.59,62.94,TRADE
QLD1,"2016/11/11 07:00:00",6460.84,127.85,TRADE
QLD1,"2016/11/11 07:30:00",6779.47,78.38,TRADE
QLD1,"2016/11/11 08:00:00",6908.96,90.32,TRADE
QLD1,"2016/11/11 08:30:00",6994.56,124.35,TRADE
QLD1,"2016/11/11 09:00:00",7057.93,106.67,TRADE
QLD1,"2016/11/11 09:30:00",7053.23,174.71,TRADE
QLD1,"2016/11/11 10:00:00",7014.19,148.84,TRADE
QLD1,"2016/11/11 10:30:00",7018.31,117.68,TRADE
QLD1,"2016/11/11 11:00:00",7114.65,153.78,TRADE
QLD1,"2016/11/11 11:30:00",7255.86,83.26,TRADE
QLD1,"2016/11/11 12:00:00",7352.39,84.32,TRADE
QLD1,"2016/11/11 12:30:00",7424.84,92.93,TRADE
QLD1,"2016/11/11 13:00:00",7603.36,104.26,TRADE
QLD1,"2016/11/11 13:30:00",7692.85,128.84,TRADE
QLD1,"2016/11/11 14:00:00",7778.49,225.04,TRADE
QLD1,"2016/11/11 14:30:00",7813.74,168.22,TRADE
QLD1,"2016/11/11 15:00:00",7802.14,102.88,TRADE
QLD1,"2016/11/11 15:30:00",7867.81,89.43,TRADE
QLD1,"2016/11/11 16:00:00",7934.86,93.67,TRADE
QLD1,"2016/11/11 16:30:00",8029.3,103.4,TRADE
QLD1,"2016/11/11 17:00:00",8015.59,172.61,TRADE
QLD1,"2016/11/11 17:30:00",7932.85,85,TRADE
QLD1,"2016/11/11 18:00:00",7761.85,69.14,TRADE
QLD1,"2016/11/11 18:30:00",7666.52,56.47,TRADE
QLD1,"2016/11/11 19:00:00",7821.17,238.67,TRADE
QLD1,"2016/11/11 19:30:00",7760.08,92.03,TRADE
QLD1,"2016/11/11 20:00:00",7680.26,122.23,TRADE
QLD1,"2016/11/11 20:30:00",7537.01,88.76,TRADE
QLD1,"2016/11/11 21:00:00",7317.47,60.36,TRADE
QLD1,"2016/11/11 21:30:00",7138.49,114.39,TRADE
QLD1,"2016/11/11 22:00:00",6934.74,65.79,TRADE
QLD1,"2016/11/11 22:30:00",6731.86,113.65,TRADE
QLD1,"2016/11/11 23:00:00",6626.81,150,TRADE
QLD1,"2016/11/11 23:30:00",6397.65,98.63,TRADE
QLD1,"2016/11/12 00:00:00",6126.71,59.28,TRADE
QLD1,"2016/11/12 00:30:00",5994.97,52.26,TRADE
QLD1,"2016/11/12 01:00:00",5822.71,51.59,TRADE
QLD1,"2016/11/12 01:30:00",5733.74,48.58,TRADE
QLD1,"2016/11/12 02:00:00",5639.74,49.35,TRADE
QLD1,"2016/11/12 02:30:00",5611.52,48.46,TRADE
QLD1,"2016/11/12 03:00:00",5564.77,53.46,TRADE
QLD1,"2016/11/12 03:30:00",5542.26,48.4,TRADE
QLD1,"2016/11/12 04:00:00",5518.29,46.4,TRADE
QLD1,"2016/11/12 04:30:00",5571.15,54.04,TRADE
QLD1,"2016/11/12 05:00:00",5561.11,53.65,TRADE
QLD1,"2016/11/12 05:30:00",5622.6,50.35,TRADE
QLD1,"2016/11/12 06:00:00",5726.02,35.05,TRADE
QLD1,"2016/11/12 06:30:00",5854.6,48.68,TRADE
QLD1,"2016/11/12 07:00:00",5977.49,79.42,TRADE
QLD1,"2016/11/12 07:30:00",6228.2,61.52,TRADE
QLD1,"2016/11/12 08:00:00",6364.79,71.07,TRADE
QLD1,"2016/11/12 08:30:00",6463.38,67.86,TRADE
QLD1,"2016/11/12 09:00:00",6579.32,68.09,TRADE
QLD1,"2016/11/12 09:30:00",6667.79,76.88,TRADE
QLD1,"2016/11/12 10:00:00",6679.99,75.28,TRADE
QLD1,"2016/11/12 10:30:00",6699.38,71.37,TRADE
QLD1,"2016/11/12 11:00:00",6791.52,69.97,TRADE
QLD1,"2016/11/12 11:30:00",6861.73,87.32,TRADE
QLD1,"2016/11/12 12:00:00",7011.98,75.17,TRADE
QLD1,"2016/11/12 12:30:00",7017.57,64.63,TRADE
QLD1,"2016/11/12 13:00:00",7145.84,66.56,TRADE
QLD1,"2016/11/12 13:30:00",7323.82,97.82,TRADE
QLD1,"2016/11/12 14:00:00",7436.03,124.16,TRADE
QLD1,"2016/11/12 14:30:00",7558.31,138.72,TRADE
QLD1,"2016/11/12 15:00:00",7625.4,151.93,TRADE
QLD1,"2016/11/12 15:30:00",7583.89,73.67,TRADE
QLD1,"2016/11/12 16:00:00",7457.86,79.99,TRADE
QLD1,"2016/11/12 16:30:00",7304.45,58.76,TRADE
QLD1,"2016/11/12 17:00:00",7173.57,62.43,TRADE
QLD1,"2016/11/12 17:30:00",7126.51,86.36,TRADE
QLD1,"2016/11/12 18:00:00",7090.98,79.68,TRADE
QLD1,"2016/11/12 18:30:00",7163.95,56.83,TRADE
QLD1,"2016/11/12 19:00:00",7367.58,66.73,TRADE
QLD1,"2016/11/12 19:30:00",7231,54.38,TRADE
QLD1,"2016/11/12 20:00:00",7183.26,64.45,TRADE
QLD1,"2016/11/12 20:30:00",7067.9,62.92,TRADE
QLD1,"2016/11/12 21:00:00",6883.77,55.43,TRADE
QLD1,"2016/11/12 21:30:00",6718.48,46.74,TRADE
QLD1,"2016/11/12 22:00:00",6555.15,34.46,TRADE
QLD1,"2016/11/12 22:30:00",6480.12,50.76,TRADE
QLD1,"2016/11/12 23:00:00",6386.77,83.73,TRADE
QLD1,"2016/11/12 23:30:00",6277.89,83.66,TRADE
QLD1,"2016/11/13 00:00:00",5965.2,57.81,TRADE
QLD1,"2016/11/13 00:30:00",5828.54,42.01,TRADE
QLD1,"2016/11/13 01:00:00",5692.29,32.05,TRADE
QLD1,"2016/11/13 01:30:00",5565.56,30.65,TRADE
QLD1,"2016/11/13 02:00:00",5479.06,32.2,TRADE
QLD1,"2016/11/13 02:30:00",5385.34,39.64,TRADE
QLD1,"2016/11/13 03:00:00",5374.72,34.45,TRADE
QLD1,"2016/11/13 03:30:00",5324.52,32.72,TRADE
QLD1,"2016/11/13 04:00:00",5326.35,32.44,TRADE
QLD1,"2016/11/13 04:30:00",5348.53,34.42,TRADE
QLD1,"2016/11/13 05:00:00",5330.58,30.22,TRADE
QLD1,"2016/11/13 05:30:00",5292.99,30.6,TRADE
QLD1,"2016/11/13 06:00:00",5294.3,30.13,TRADE
QLD1,"2016/11/13 06:30:00",5373.26,28.78,TRADE
QLD1,"2016/11/13 07:00:00",5489.09,32.12,TRADE
QLD1,"2016/11/13 07:30:00",5693.89,30.08,TRADE
QLD1,"2016/11/13 08:00:00",5793.41,34.33,TRADE
QLD1,"2016/11/13 08:30:00",5987.78,47.79,TRADE
QLD1,"2016/11/13 09:00:00",6134.1,49.07,TRADE
QLD1,"2016/11/13 09:30:00",6335.9,55.25,TRADE
QLD1,"2016/11/13 10:00:00",6469.9,58.27,TRADE
QLD1,"2016/11/13 10:30:00",6607.79,56.18,TRADE
QLD1,"2016/11/13 11:00:00",6651.48,58.3,TRADE
QLD1,"2016/11/13 11:30:00",6718.81,61.29,TRADE
QLD1,"2016/11/13 12:00:00",6670.31,54.97,TRADE
QLD1,"2016/11/13 12:30:00",6676.5,53.35,TRADE
QLD1,"2016/11/13 13:00:00",6903.27,57.78,TRADE
QLD1,"2016/11/13 13:30:00",7052.44,51.11,TRADE
QLD1,"2016/11/13 14:00:00",7182.26,55.57,TRADE
QLD1,"2016/11/13 14:30:00",7341.44,77.94,TRADE
QLD1,"2016/11/13 15:00:00",7497.93,88.3,TRADE
QLD1,"2016/11/13 15:30:00",7591.52,85.2,TRADE
QLD1,"2016/11/13 16:00:00",7651.15,91.56,TRADE
QLD1,"2016/11/13 16:30:00",7700.99,146.09,TRADE
QLD1,"2016/11/13 17:00:00",7721.9,76.46,TRADE
QLD1,"2016/11/13 17:30:00",7741.94,85.27,TRADE
QLD1,"2016/11/13 18:00:00",7632.69,82.98,TRADE
QLD1,"2016/11/13 18:30:00",7577.01,71.42,TRADE
QLD1,"2016/11/13 19:00:00",7746.75,102.24,TRADE
QLD1,"2016/11/13 19:30:00",7656.23,70.48,TRADE
QLD1,"2016/11/13 20:00:00",7511.07,69.9,TRADE
QLD1,"2016/11/13 20:30:00",7364.96,69.85,TRADE
QLD1,"2016/11/13 21:00:00",7103.78,64.27,TRADE
QLD1,"2016/11/13 21:30:00",6925.64,46.03,TRADE
QLD1,"2016/11/13 22:00:00",6709.09,30.97,TRADE
QLD1,"2016/11/13 22:30:00",6525.38,87.64,TRADE
QLD1,"2016/11/13 23:00:00",6409.72,56.46,TRADE
QLD1,"2016/11/13 23:30:00",6213.93,74.82,TRADE
QLD1,"2016/11/14 00:00:00",5845.19,117.68,TRADE
QLD1,"2016/11/14 00:30:00",5693.57,41.81,TRADE
QLD1,"2016/11/14 01:00:00",5608.11,34.8,TRADE
QLD1,"2016/11/14 01:30:00",5468.87,28.43,TRADE
QLD1,"2016/11/14 02:00:00",5405.12,26.4,TRADE
QLD1,"2016/11/14 02:30:00",5371.62,26.27,TRADE
QLD1,"2016/11/14 03:00:00",5296.65,27.29,TRADE
QLD1,"2016/11/14 03:30:00",5307.1,28.28,TRADE
QLD1,"2016/11/14 04:00:00",5276.06,31.34,TRADE
QLD1,"2016/11/14 04:30:00",5348.79,41.12,TRADE
QLD1,"2016/11/14 05:00:00",5430.36,41.86,TRADE
QLD1,"2016/11/14 05:30:00",5526.18,51.25,TRADE
QLD1,"2016/11/14 06:00:00",5708.19,131.85,TRADE
QLD1,"2016/11/14 06:30:00",6012.71,81.58,TRADE
QLD1,"2016/11/14 07:00:00",6236.64,132.89,TRADE
QLD1,"2016/11/14 07:30:00",6447.53,61.02,TRADE
QLD1,"2016/11/14 08:00:00",6504.64,67.96,TRADE
QLD1,"2016/11/14 08:30:00",6454.47,60.7,TRADE
QLD1,"2016/11/14 09:00:00",6398.27,71.42,TRADE
QLD1,"2016/11/14 09:30:00",6434.69,98.59,TRADE
QLD1,"2016/11/14 10:00:00",6339.94,62.23,TRADE
QLD1,"2016/11/14 10:30:00",6342.93,64.91,TRADE
QLD1,"2016/11/14 11:00:00",6337.18,64.45,TRADE
QLD1,"2016/11/14 11:30:00",6369.76,63.87,TRADE
QLD1,"2016/11/14 12:00:00",6400.34,102.26,TRADE
QLD1,"2016/11/14 12:30:00",6412.22,111.02,TRADE
QLD1,"2016/11/14 13:00:00",6449.94,59.44,TRADE
QLD1,"2016/11/14 13:30:00",6552.79,58.8,TRADE
QLD1,"2016/11/14 14:00:00",6653.79,63.97,TRADE
QLD1,"2016/11/14 14:30:00",6782.48,61.15,TRADE
QLD1,"2016/11/14 15:00:00",6914.31,69.13,TRADE
QLD1,"2016/11/14 15:30:00",7031.13,68.56,TRADE
QLD1,"2016/11/14 16:00:00",7161.13,83.73,TRADE
QLD1,"2016/11/14 16:30:00",7317.09,95.3,TRADE
QLD1,"2016/11/14 17:00:00",7444.17,124.37,TRADE
QLD1,"2016/11/14 17:30:00",7421.45,84.12,TRADE
QLD1,"2016/11/14 18:00:00",7398.29,84.12,TRADE
QLD1,"2016/11/14 18:30:00",7324.94,64.37,TRADE
QLD1,"2016/11/14 19:00:00",7481,101.56,TRADE
QLD1,"2016/11/14 19:30:00",7414.25,81.48,TRADE
QLD1,"2016/11/14 20:00:00",7314.86,91.29,TRADE
QLD1,"2016/11/14 20:30:00",7170.48,91.57,TRADE
QLD1,"2016/11/14 21:00:00",6915.84,63.68,TRADE
QLD1,"2016/11/14 21:30:00",6731.78,56.86,TRADE
QLD1,"2016/11/14 22:00:00",6499.16,50.38,TRADE
QLD1,"2016/11/14 22:30:00",6187.95,226.5,TRADE
QLD1,"2016/11/14 23:00:00",6045.64,239.25,TRADE
QLD1,"2016/11/14 23:30:00",5884.48,237.35,TRADE
QLD1,"2016/11/15 00:00:00",5652.64,172.12,TRADE
QLD1,"2016/11/15 00:30:00",5562.83,83.18,TRADE
QLD1,"2016/11/15 01:00:00",5434.86,138.93,TRADE
QLD1,"2016/11/15 01:30:00",5303.97,72.31,TRADE
QLD1,"2016/11/15 02:00:00",5201.92,66.91,TRADE
QLD1,"2016/11/15 02:30:00",5176.29,56.2,TRADE
QLD1,"2016/11/15 03:00:00",5140.75,51.07,TRADE
QLD1,"2016/11/15 03:30:00",5115.75,55.01,TRADE
QLD1,"2016/11/15 04:00:00",5136.55,54.58,TRADE
QLD1,"2016/11/15 04:30:00",5185.05,66.16,TRADE
QLD1,"2016/11/15 05:00:00",5246.94,72.02,TRADE
QLD1,"2016/11/15 05:30:00",5348.61,58.47,TRADE
QLD1,"2016/11/15 06:00:00",5484.55,77.62,TRADE
QLD1,"2016/11/15 06:30:00",5772.2,81.71,TRADE
QLD1,"2016/11/15 07:00:00",5993.79,99.08,TRADE
QLD1,"2016/11/15 07:30:00",6199.31,61.92,TRADE
QLD1,"2016/11/15 08:00:00",6213.56,55.62,TRADE
QLD1,"2016/11/15 08:30:00",6116.15,50.5,TRADE
QLD1,"2016/11/15 09:00:00",6148.2,61.13,TRADE
QLD1,"2016/11/15 09:30:00",6129.84,23.2,TRADE
QLD1,"2016/11/15 10:00:00",6155.64,50.51,TRADE
QLD1,"2016/11/15 10:30:00",6211.35,55.49,TRADE
QLD1,"2016/11/15 11:00:00",6261.06,67.81,TRADE
QLD1,"2016/11/15 11:30:00",6241.54,59.68,TRADE
QLD1,"2016/11/15 12:00:00",6279.07,64.63,TRADE
QLD1,"2016/11/15 12:30:00",6247.42,53.72,TRADE
QLD1,"2016/11/15 13:00:00",6232.84,96.1,TRADE
QLD1,"2016/11/15 13:30:00",6270.93,120.24,TRADE
QLD1,"2016/11/15 14:00:00",6364.83,144.24,TRADE
QLD1,"2016/11/15 14:30:00",6476.7,163.63,TRADE
QLD1,"2016/11/15 15:00:00",6448.14,176.79,TRADE
QLD1,"2016/11/15 15:30:00",6441.51,200.7,TRADE
QLD1,"2016/11/15 16:00:00",6561.14,211.18,TRADE
QLD1,"2016/11/15 16:30:00",6716.85,294.15,TRADE
QLD1,"2016/11/15 17:00:00",6914.16,72.4,TRADE
QLD1,"2016/11/15 17:30:00",7058.09,75.16,TRADE
QLD1,"2016/11/15 18:00:00",7016.64,68.39,TRADE
QLD1,"2016/11/15 18:30:00",7082.92,55.21,TRADE
QLD1,"2016/11/15 19:00:00",7242.9,125.07,TRADE
QLD1,"2016/11/15 19:30:00",7211.61,176.4,TRADE
QLD1,"2016/11/15 20:00:00",7062.13,99.68,TRADE
QLD1,"2016/11/15 20:30:00",6996.56,86.58,TRADE
QLD1,"2016/11/15 21:00:00",6748.37,53.36,TRADE
QLD1,"2016/11/15 21:30:00",6633.06,53.53,TRADE
QLD1,"2016/11/15 22:00:00",6439.81,46.84,TRADE
QLD1,"2016/11/15 22:30:00",6253.67,154.13,TRADE
QLD1,"2016/11/15 23:00:00",6202.78,81.09,TRADE
QLD1,"2016/11/15 23:30:00",6040.4,77.13,TRADE
QLD1,"2016/11/16 00:00:00",5718.09,62.67,TRADE
QLD1,"2016/11/16 00:30:00",5526.25,68.21,TRADE
QLD1,"2016/11/16 01:00:00",5426.9,58.6,TRADE
QLD1,"2016/11/16 01:30:00",5308.01,53.22,TRADE
QLD1,"2016/11/16 02:00:00",5221.61,51.37,TRADE
QLD1,"2016/11/16 02:30:00",5158.33,47.01,TRADE
QLD1,"2016/11/16 03:00:00",5146.84,47.55,TRADE
QLD1,"2016/11/16 03:30:00",5151.49,46.55,TRADE
QLD1,"2016/11/16 04:00:00",5114.16,49.37,TRADE
QLD1,"2016/11/16 04:30:00",5218.23,57.12,TRADE
QLD1,"2016/11/16 05:00:00",5314.41,59.56,TRADE
QLD1,"2016/11/16 05:30:00",5433.13,75.26,TRADE
QLD1,"2016/11/16 06:00:00",5597.65,116.29,TRADE
QLD1,"2016/11/16 06:30:00",5872.53,90.15,TRADE
QLD1,"2016/11/16 07:00:00",6096.74,67.25,TRADE
QLD1,"2016/11/16 07:30:00",6302.05,51.32,TRADE
QLD1,"2016/11/16 08:00:00",6351.4,51.82,TRADE
QLD1,"2016/11/16 08:30:00",6359.45,56.57,TRADE
QLD1,"2016/11/16 09:00:00",6313.85,58.8,TRADE
QLD1,"2016/11/16 09:30:00",6344.12,70.19,TRADE
QLD1,"2016/11/16 10:00:00",6379.73,83.74,TRADE
QLD1,"2016/11/16 10:30:00",6340.81,82.59,TRADE
QLD1,"2016/11/16 11:00:00",6288.94,73.16,TRADE
QLD1,"2016/11/16 11:30:00",6301.14,66.72,TRADE
QLD1,"2016/11/16 12:00:00",6347.75,57.94,TRADE
QLD1,"2016/11/16 12:30:00",6417.74,65.86,TRADE
QLD1,"2016/11/16 13:00:00",6484.65,72.9,TRADE
QLD1,"2016/11/16 13:30:00",6522.29,77.73,TRADE
QLD1,"2016/11/16 14:00:00",6669.75,84.52,TRADE
QLD1,"2016/11/16 14:30:00",6715.84,76.28,TRADE
QLD1,"2016/11/16 15:00:00",6802.67,77.51,TRADE
QLD1,"2016/11/16 15:30:00",6844.64,82.79,TRADE
QLD1,"2016/11/16 16:00:00",6967.4,76.57,TRADE
QLD1,"2016/11/16 16:30:00",7088.55,67.56,TRADE
QLD1,"2016/11/16 17:00:00",7207.68,65.34,TRADE
QLD1,"2016/11/16 17:30:00",7257.07,67.45,TRADE
QLD1,"2016/11/16 18:00:00",7136.46,64.74,TRADE
QLD1,"2016/11/16 18:30:00",7036.45,55.25,TRADE
QLD1,"2016/11/16 19:00:00",7242.37,72.89,TRADE
QLD1,"2016/11/16 19:30:00",7242.51,84.39,TRADE
QLD1,"2016/11/16 20:00:00",7133.32,84.97,TRADE
QLD1,"2016/11/16 20:30:00",7110.45,61.23,TRADE
QLD1,"2016/11/16 21:00:00",6851.93,54.39,TRADE
QLD1,"2016/11/16 21:30:00",6693.27,55.04,TRADE
QLD1,"2016/11/16 22:00:00",6514.89,51.43,TRADE
QLD1,"2016/11/16 22:30:00",6335.7,119.54,TRADE
QLD1,"2016/11/16 23:00:00",6248.52,85.7,TRADE
QLD1,"2016/11/16 23:30:00",6101.91,72.71,TRADE
QLD1,"2016/11/17 00:00:00",5807.85,70.91,TRADE
QLD1,"2016/11/17 00:30:00",5584.14,53.18,TRADE
QLD1,"2016/11/17 01:00:00",5488.13,52.45,TRADE
QLD1,"2016/11/17 01:30:00",5346.26,40.04,TRADE
QLD1,"2016/11/17 02:00:00",5240.67,38.32,TRADE
QLD1,"2016/11/17 02:30:00",5255.86,47.72,TRADE
QLD1,"2016/11/17 03:00:00",5229.59,40.32,TRADE
QLD1,"2016/11/17 03:30:00",5222.6,42.35,TRADE
QLD1,"2016/11/17 04:00:00",5214.07,48.96,TRADE
QLD1,"2016/11/17 04:30:00",5287.88,37.6,TRADE
QLD1,"2016/11/17 05:00:00",5327.92,42.83,TRADE
QLD1,"2016/11/17 05:30:00",5456.04,54.06,TRADE
QLD1,"2016/11/17 06:00:00",5652.49,66.56,TRADE
QLD1,"2016/11/17 06:30:00",5982.55,50.72,TRADE
QLD1,"2016/11/17 07:00:00",6182.24,132.13,TRADE
QLD1,"2016/11/17 07:30:00",6412.14,58.02,TRADE
QLD1,"2016/11/17 08:00:00",6499.3,59.41,TRADE
QLD1,"2016/11/17 08:30:00",6472.55,60.11,TRADE
QLD1,"2016/11/17 09:00:00",6437.98,91.36,TRADE
QLD1,"2016/11/17 09:30:00",6424.3,69.05,TRADE
QLD1,"2016/11/17 10:00:00",6402.77,68.17,TRADE
QLD1,"2016/11/17 10:30:00",6353.08,64.91,TRADE
QLD1,"2016/11/17 11:00:00",6359.73,58.78,TRADE
QLD1,"2016/11/17 11:30:00",6343.15,56.17,TRADE
QLD1,"2016/11/17 12:00:00",6409.37,61.88,TRADE
QLD1,"2016/11/17 12:30:00",6419.75,65.65,TRADE
QLD1,"2016/11/17 13:00:00",6439.7,68.55,TRADE
QLD1,"2016/11/17 13:30:00",6506.73,88.9,TRADE
QLD1,"2016/11/17 14:00:00",6516.37,72.54,TRADE
QLD1,"2016/11/17 14:30:00",6611.91,73.44,TRADE
QLD1,"2016/11/17 15:00:00",6678.84,71.3,TRADE
QLD1,"2016/11/17 15:30:00",6712.84,60.84,TRADE
QLD1,"2016/11/17 16:00:00",6814.44,74.55,TRADE
QLD1,"2016/11/17 16:30:00",6934.7,84.39,TRADE
QLD1,"2016/11/17 17:00:00",7033.32,82.37,TRADE
QLD1,"2016/11/17 17:30:00",7085.21,77.3,TRADE
QLD1,"2016/11/17 18:00:00",7038.91,73.85,TRADE
QLD1,"2016/11/17 18:30:00",7064.42,58.37,TRADE
QLD1,"2016/11/17 19:00:00",7271.51,80.93,TRADE
QLD1,"2016/11/17 19:30:00",7199.28,92.54,TRADE
QLD1,"2016/11/17 20:00:00",7128.52,83.23,TRADE
QLD1,"2016/11/17 20:30:00",7028.73,68.87,TRADE
QLD1,"2016/11/17 21:00:00",6831.69,81.02,TRADE
QLD1,"2016/11/17 21:30:00",6668.8,73.36,TRADE
QLD1,"2016/11/17 22:00:00",6509.83,52.57,TRADE
QLD1,"2016/11/17 22:30:00",6291.38,101.6,TRADE
QLD1,"2016/11/17 23:00:00",6236.91,78.35,TRADE
QLD1,"2016/11/17 23:30:00",6071.23,69.84,TRADE
QLD1,"2016/11/18 00:00:00",5778.43,61.9,TRADE
QLD1,"2016/11/18 00:30:00",5579.96,55.78,TRADE
QLD1,"2016/11/18 01:00:00",5447.49,51.49,TRADE
QLD1,"2016/11/18 01:30:00",5307.32,42.24,TRADE
QLD1,"2016/11/18 02:00:00",5232.84,45.93,TRADE
QLD1,"2016/11/18 02:30:00",5220.77,46.2,TRADE
QLD1,"2016/11/18 03:00:00",5202.45,45.4,TRADE
QLD1,"2016/11/18 03:30:00",5180.49,45.72,TRADE
QLD1,"2016/11/18 04:00:00",5185.23,48.6,TRADE
QLD1,"2016/11/18 04:30:00",5217.1,52.28,TRADE
QLD1,"2016/11/18 05:00:00",5261.52,54.72,TRADE
QLD1,"2016/11/18 05:30:00",5428.81,68.95,TRADE
QLD1,"2016/11/18 06:00:00",5583.07,87.3,TRADE
QLD1,"2016/11/18 06:30:00",5859.48,73.28,TRADE
QLD1,"2016/11/18 07:00:00",6038.42,120.66,TRADE
QLD1,"2016/11/18 07:30:00",6331.3,54.47,TRADE
QLD1,"2016/11/18 08:00:00",6392.37,58.33,TRADE
QLD1,"2016/11/18 08:30:00",6366.17,59.82,TRADE
QLD1,"2016/11/18 09:00:00",6349.88,58.2,TRADE
QLD1,"2016/11/18 09:30:00",6294.66,105.41,TRADE
QLD1,"2016/11/18 10:00:00",6174.15,152.76,TRADE
QLD1,"2016/11/18 10:30:00",6170.47,142.6,TRADE
QLD1,"2016/11/18 11:00:00",6141.29,132.07,TRADE
QLD1,"2016/11/18 11:30:00",6121.55,105.64,TRADE
QLD1,"2016/11/18 12:00:00",6050.6,147.96,TRADE
QLD1,"2016/11/18 12:30:00",6113.7,76.81,TRADE
QLD1,"2016/11/18 13:00:00",6218.89,79.14,TRADE
QLD1,"2016/11/18 13:30:00",6198.65,98.98,TRADE
QLD1,"2016/11/18 14:00:00",6320.03,163.97,TRADE
QLD1,"2016/11/18 14:30:00",6354.35,123.01,TRADE
QLD1,"2016/11/18 15:00:00",6476.54,147.99,TRADE
QLD1,"2016/11/18 15:30:00",6573.58,208.35,TRADE
QLD1,"2016/11/18 16:00:00",6731.38,250.5,TRADE
QLD1,"2016/11/18 16:30:00",6845.45,193.69,TRADE
QLD1,"2016/11/18 17:00:00",6948.74,106.54,TRADE
QLD1,"2016/11/18 17:30:00",6961.36,53.5,TRADE
QLD1,"2016/11/18 18:00:00",6926.12,66.23,TRADE
QLD1,"2016/11/18 18:30:00",6860.36,56.78,TRADE
QLD1,"2016/11/18 19:00:00",7078.49,116.91,TRADE
QLD1,"2016/11/18 19:30:00",7025.27,170.36,TRADE
QLD1,"2016/11/18 20:00:00",6952.43,114.99,TRADE
QLD1,"2016/11/18 20:30:00",6874.53,92.74,TRADE
QLD1,"2016/11/18 21:00:00",6645.98,66.84,TRADE
QLD1,"2016/11/18 21:30:00",6503.64,58.53,TRADE
QLD1,"2016/11/18 22:00:00",6356.01,52.02,TRADE
QLD1,"2016/11/18 22:30:00",6195.85,106.22,TRADE
QLD1,"2016/11/18 23:00:00",6179.39,70.91,TRADE
QLD1,"2016/11/18 23:30:00",6011.79,60.13,TRADE
QLD1,"2016/11/19 00:00:00",5726.95,64.93,TRADE
QLD1,"2016/11/19 00:30:00",5533.39,37.39,TRADE
QLD1,"2016/11/19 01:00:00",5435.24,34.27,TRADE
QLD1,"2016/11/19 01:30:00",5279.04,27.46,TRADE
QLD1,"2016/11/19 02:00:00",5227.22,28.51,TRADE
QLD1,"2016/11/19 02:30:00",5166.76,30.45,TRADE
QLD1,"2016/11/19 03:00:00",5158.17,30.39,TRADE
QLD1,"2016/11/19 03:30:00",5140.97,30.19,TRADE
QLD1,"2016/11/19 04:00:00",5120.57,31.07,TRADE
QLD1,"2016/11/19 04:30:00",5160.05,30.6,TRADE
QLD1,"2016/11/19 05:00:00",5160.56,30.62,TRADE
QLD1,"2016/11/19 05:30:00",5201.03,26.59,TRADE
QLD1,"2016/11/19 06:00:00",5240.71,27.96,TRADE
QLD1,"2016/11/19 06:30:00",5300.07,28.14,TRADE
QLD1,"2016/11/19 07:00:00",5452.33,33.2,TRADE
QLD1,"2016/11/19 07:30:00",5627.36,39.14,TRADE
QLD1,"2016/11/19 08:00:00",5678.68,40.26,TRADE
QLD1,"2016/11/19 08:30:00",5764.25,38.48,TRADE
QLD1,"2016/11/19 09:00:00",5929.14,39.79,TRADE
QLD1,"2016/11/19 09:30:00",5996.15,37.34,TRADE
QLD1,"2016/11/19 10:00:00",6016.59,35.7,TRADE
QLD1,"2016/11/19 10:30:00",6020.93,34.57,TRADE
QLD1,"2016/11/19 11:00:00",5981.95,34.42,TRADE
QLD1,"2016/11/19 11:30:00",5883.61,35.39,TRADE
QLD1,"2016/11/19 12:00:00",5845.66,35.09,TRADE
QLD1,"2016/11/19 12:30:00",5773.08,33.41,TRADE
QLD1,"2016/11/19 13:00:00",5737.57,30.21,TRADE
QLD1,"2016/11/19 13:30:00",5797.74,32.02,TRADE
QLD1,"2016/11/19 14:00:00",5869.02,34.65,TRADE
QLD1,"2016/11/19 14:30:00",5919.04,38.31,TRADE
QLD1,"2016/11/19 15:00:00",5970.16,37.82,TRADE
QLD1,"2016/11/19 15:30:00",6014.35,37.95,TRADE
QLD1,"2016/11/19 16:00:00",6163.53,45.27,TRADE
QLD1,"2016/11/19 16:30:00",6340.04,49.61,TRADE
QLD1,"2016/11/19 17:00:00",6506.88,51.58,TRADE
QLD1,"2016/11/19 17:30:00",6595.71,50,TRADE
QLD1,"2016/11/19 18:00:00",6576.84,48.53,TRADE
QLD1,"2016/11/19 18:30:00",6605.96,47.86,TRADE
QLD1,"2016/11/19 19:00:00",6726.94,53.95,TRADE
QLD1,"2016/11/19 19:30:00",6743.68,52.42,TRADE
QLD1,"2016/11/19 20:00:00",6642.24,47.71,TRADE
QLD1,"2016/11/19 20:30:00",6573.82,43.56,TRADE
QLD1,"2016/11/19 21:00:00",6429.31,35.37,TRADE
QLD1,"2016/11/19 21:30:00",6315.41,30.67,TRADE
QLD1,"2016/11/19 22:00:00",6167.26,31.89,TRADE
QLD1,"2016/11/19 22:30:00",6080.66,50.08,TRADE
QLD1,"2016/11/19 23:00:00",6095.2,39.2,TRADE
QLD1,"2016/11/19 23:30:00",5941.57,57.88,TRADE
QLD1,"2016/11/20 00:00:00",5666.59,36.14,TRADE
QLD1,"2016/11/20 00:30:00",5529.93,34.01,TRADE
QLD1,"2016/11/20 01:00:00",5390.25,29.29,TRADE
QLD1,"2016/11/20 01:30:00",5264.98,27.36,TRADE
QLD1,"2016/11/20 02:00:00",5188.78,29.25,TRADE
QLD1,"2016/11/20 02:30:00",5135.32,29.97,TRADE
QLD1,"2016/11/20 03:00:00",5126.63,29.81,TRADE
QLD1,"2016/11/20 03:30:00",5073.34,31.31,TRADE
QLD1,"2016/11/20 04:00:00",5064.95,30.6,TRADE
QLD1,"2016/11/20 04:30:00",5074.51,31.77,TRADE
QLD1,"2016/11/20 05:00:00",5056.8,23.92,TRADE
QLD1,"2016/11/20 05:30:00",5011.78,27.42,TRADE
QLD1,"2016/11/20 06:00:00",5035.35,26.95,TRADE
QLD1,"2016/11/20 06:30:00",5070.24,28.76,TRADE
QLD1,"2016/11/20 07:00:00",5176.56,30.65,TRADE
QLD1,"2016/11/20 07:30:00",5272.96,31.24,TRADE
QLD1,"2016/11/20 08:00:00",5399.45,35.13,TRADE
QLD1,"2016/11/20 08:30:00",5479.42,35.88,TRADE
QLD1,"2016/11/20 09:00:00",5455.98,31.53,TRADE
QLD1,"2016/11/20 09:30:00",5536,40.8,TRADE
QLD1,"2016/11/20 10:00:00",5578.11,40.02,TRADE
QLD1,"2016/11/20 10:30:00",5579.66,34.83,TRADE
QLD1,"2016/11/20 11:00:00",5527.14,33.38,TRADE
QLD1,"2016/11/20 11:30:00",5560.01,40.69,TRADE
QLD1,"2016/11/20 12:00:00",5543.39,41.17,TRADE
QLD1,"2016/11/20 12:30:00",5584.11,45.52,TRADE
QLD1,"2016/11/20 13:00:00",5609.39,43.58,TRADE
QLD1,"2016/11/20 13:30:00",5650.9,48.74,TRADE
QLD1,"2016/11/20 14:00:00",5755.98,54.08,TRADE
QLD1,"2016/11/20 14:30:00",5863,61.71,TRADE
QLD1,"2016/11/20 15:00:00",5968.96,61.43,TRADE
QLD1,"2016/11/20 15:30:00",6150.18,72.64,TRADE
QLD1,"2016/11/20 16:00:00",6274.17,72.35,TRADE
QLD1,"2016/11/20 16:30:00",6457.16,66.34,TRADE
QLD1,"2016/11/20 17:00:00",6636.35,71.68,TRADE
QLD1,"2016/11/20 17:30:00",6740.47,69.16,TRADE
QLD1,"2016/11/20 18:00:00",6722.37,72.13,TRADE
QLD1,"2016/11/20 18:30:00",6791.51,62.51,TRADE
QLD1,"2016/11/20 19:00:00",7020.4,106.53,TRADE
QLD1,"2016/11/20 19:30:00",6955.51,91.96,TRADE
QLD1,"2016/11/20 20:00:00",6868.67,100.17,TRADE
QLD1,"2016/11/20 20:30:00",6719.34,72.92,TRADE
QLD1,"2016/11/20 21:00:00",6566.57,53.44,TRADE
QLD1,"2016/11/20 21:30:00",6415.87,36.61,TRADE
QLD1,"2016/11/20 22:00:00",6236.48,33,TRADE
QLD1,"2016/11/20 22:30:00",6073.06,37.35,TRADE
QLD1,"2016/11/20 23:00:00",6081.98,34.81,TRADE
QLD1,"2016/11/20 23:30:00",5900.76,36.34,TRADE
QLD1,"2016/11/21 00:00:00",5582.19,37.13,TRADE
QLD1,"2016/11/21 00:30:00",5428.1,36.22,TRADE
QLD1,"2016/11/21 01:00:00",5330.88,32.56,TRADE
QLD1,"2016/11/21 01:30:00",5213.28,26.23,TRADE
QLD1,"2016/11/21 02:00:00",5126.78,22.44,TRADE
QLD1,"2016/11/21 02:30:00",5089.4,23.21,TRADE
QLD1,"2016/11/21 03:00:00",5096.51,14.07,TRADE
QLD1,"2016/11/21 03:30:00",5088.6,14.9,TRADE
QLD1,"2016/11/21 04:00:00",5112.24,19.31,TRADE
QLD1,"2016/11/21 04:30:00",5183.29,18.56,TRADE
QLD1,"2016/11/21 05:00:00",5241.08,15.08,TRADE
QLD1,"2016/11/21 05:30:00",5329.28,-155.28,TRADE
QLD1,"2016/11/21 06:00:00",5510.68,26.73,TRADE
QLD1,"2016/11/21 06:30:00",5780.68,36.83,TRADE
QLD1,"2016/11/21 07:00:00",6057.62,40.31,TRADE
QLD1,"2016/11/21 07:30:00",6302.94,39.25,TRADE
QLD1,"2016/11/21 08:00:00",6411.9,51.95,TRADE
QLD1,"2016/11/21 08:30:00",6367.15,55.51,TRADE
QLD1,"2016/11/21 09:00:00",6372.66,59.74,TRADE
QLD1,"2016/11/21 09:30:00",6341.44,56.08,TRADE
QLD1,"2016/11/21 10:00:00",6349.61,56.42,TRADE
QLD1,"2016/11/21 10:30:00",6319.64,54.94,TRADE
QLD1,"2016/11/21 11:00:00",6337.5,48.31,TRADE
QLD1,"2016/11/21 11:30:00",6360.98,50.16,TRADE
QLD1,"2016/11/21 12:00:00",6374.82,54.33,TRADE
QLD1,"2016/11/21 12:30:00",6397.79,62.62,TRADE
QLD1,"2016/11/21 13:00:00",6462.95,87.51,TRADE
QLD1,"2016/11/21 13:30:00",6529.71,56.67,TRADE
QLD1,"2016/11/21 14:00:00",6657,67.4,TRADE
QLD1,"2016/11/21 14:30:00",6752.94,69.39,TRADE
QLD1,"2016/11/21 15:00:00",6830.61,73.41,TRADE
QLD1,"2016/11/21 15:30:00",6890.5,76.82,TRADE
QLD1,"2016/11/21 16:00:00",6933.92,73.21,TRADE
QLD1,"2016/11/21 16:30:00",7068.41,73.1,TRADE
QLD1,"2016/11/21 17:00:00",7206.96,67.49,TRADE
QLD1,"2016/11/21 17:30:00",7229.46,54.28,TRADE
QLD1,"2016/11/21 18:00:00",7133.2,49.84,TRADE
QLD1,"2016/11/21 18:30:00",7176.03,59.47,TRADE
QLD1,"2016/11/21 19:00:00",7376.85,62.9,TRADE
QLD1,"2016/11/21 19:30:00",7341.63,77.56,TRADE
QLD1,"2016/11/21 20:00:00",7199.74,54.58,TRADE
QLD1,"2016/11/21 20:30:00",7073,47.42,TRADE
QLD1,"2016/11/21 21:00:00",6880.74,37.76,TRADE
QLD1,"2016/11/21 21:30:00",6689.6,38.07,TRADE
QLD1,"2016/11/21 22:00:00",6474.91,33.94,TRADE
QLD1,"2016/11/21 22:30:00",6283.19,49.48,TRADE
QLD1,"2016/11/21 23:00:00",6219.52,33.87,TRADE
QLD1,"2016/11/21 23:30:00",6016.14,34.96,TRADE
QLD1,"2016/11/22 00:00:00",5712.93,34.62,TRADE
QLD1,"2016/11/22 00:30:00",5577.5,30.87,TRADE
QLD1,"2016/11/22 01:00:00",5469.68,30.66,TRADE
QLD1,"2016/11/22 01:30:00",5320.07,29.41,TRADE
QLD1,"2016/11/22 02:00:00",5211.94,30.02,TRADE
QLD1,"2016/11/22 02:30:00",5223.17,28.81,TRADE
QLD1,"2016/11/22 03:00:00",5203.35,30.56,TRADE
QLD1,"2016/11/22 03:30:00",5227.4,28.24,TRADE
QLD1,"2016/11/22 04:00:00",5243.18,28.74,TRADE
QLD1,"2016/11/22 04:30:00",5294.42,28.03,TRADE
QLD1,"2016/11/22 05:00:00",5335.88,26.87,TRADE
QLD1,"2016/11/22 05:30:00",5484.99,29.2,TRADE
QLD1,"2016/11/22 06:00:00",5629.41,30.14,TRADE
QLD1,"2016/11/22 06:30:00",5927.91,30.6,TRADE
QLD1,"2016/11/22 07:00:00",6199.01,37.64,TRADE
QLD1,"2016/11/22 07:30:00",6432.1,30.76,TRADE
QLD1,"2016/11/22 08:00:00",6432.16,33.95,TRADE
QLD1,"2016/11/22 08:30:00",6446.23,44.21,TRADE
QLD1,"2016/11/22 09:00:00",6405.18,40.94,TRADE
QLD1,"2016/11/22 09:30:00",6403.55,48.07,TRADE
QLD1,"2016/11/22 10:00:00",6417.54,54.01,TRADE
QLD1,"2016/11/22 10:30:00",6420.75,60.24,TRADE
QLD1,"2016/11/22 11:00:00",6421.93,77.31,TRADE
QLD1,"2016/11/22 11:30:00",6426.13,98.05,TRADE
QLD1,"2016/11/22 12:00:00",6481.78,80.89,TRADE
QLD1,"2016/11/22 12:30:00",6513.88,84.38,TRADE
QLD1,"2016/11/22 13:00:00",6498.92,67.56,TRADE
QLD1,"2016/11/22 13:30:00",6541.37,83.47,TRADE
QLD1,"2016/11/22 14:00:00",6591.72,106.86,TRADE
QLD1,"2016/11/22 14:30:00",6704.18,119.58,TRADE
QLD1,"2016/11/22 15:00:00",6814.12,82.27,TRADE
QLD1,"2016/11/22 15:30:00",6868.09,54.86,TRADE
QLD1,"2016/11/22 16:00:00",6991.78,208.48,TRADE
QLD1,"2016/11/22 16:30:00",7096.63,59.88,TRADE
QLD1,"2016/11/22 17:00:00",7292.81,77.55,TRADE
QLD1,"2016/11/22 17:30:00",7336.99,83.13,TRADE
QLD1,"2016/11/22 18:00:00",7235.78,59.41,TRADE
QLD1,"2016/11/22 18:30:00",7153.95,55.46,TRADE
QLD1,"2016/11/22 19:00:00",7374.15,70.03,TRADE
QLD1,"2016/11/22 19:30:00",7322.63,58.86,TRADE
QLD1,"2016/11/22 20:00:00",7179.08,55.33,TRADE
QLD1,"2016/11/22 20:30:00",7074.31,51.53,TRADE
QLD1,"2016/11/22 21:00:00",6852.19,51.71,TRADE
QLD1,"2016/11/22 21:30:00",6710.17,38.66,TRADE
QLD1,"2016/11/22 22:00:00",6507.53,38.36,TRADE
QLD1,"2016/11/22 22:30:00",6322.62,58.67,TRADE
QLD1,"2016/11/22 23:00:00",6212.31,118.1,TRADE
QLD1,"2016/11/22 23:30:00",6010.24,56.48,TRADE
QLD1,"2016/11/23 00:00:00",5736.79,48.48,TRADE
QLD1,"2016/11/23 00:30:00",5598.76,52.16,TRADE
QLD1,"2016/11/23 01:00:00",5498.2,49.95,TRADE
QLD1,"2016/11/23 01:30:00",5368.6,41.05,TRADE
QLD1,"2016/11/23 02:00:00",5311.12,39.17,TRADE
QLD1,"2016/11/23 02:30:00",5280.66,39.31,TRADE
QLD1,"2016/11/23 03:00:00",5276.2,41.14,TRADE
QLD1,"2016/11/23 03:30:00",5266.69,44.72,TRADE
QLD1,"2016/11/23 04:00:00",5244.79,47.09,TRADE
QLD1,"2016/11/23 04:30:00",5304.37,47.07,TRADE
QLD1,"2016/11/23 05:00:00",5373.97,45.36,TRADE
QLD1,"2016/11/23 05:30:00",5507.32,50.69,TRADE
QLD1,"2016/11/23 06:00:00",5683.74,48.73,TRADE
QLD1,"2016/11/23 06:30:00",5977.93,66.67,TRADE
QLD1,"2016/11/23 07:00:00",6236.3,81.35,TRADE
QLD1,"2016/11/23 07:30:00",6459.85,50.37,TRADE
QLD1,"2016/11/23 08:00:00",6516.87,52.29,TRADE
QLD1,"2016/11/23 08:30:00",6600.11,54.8,TRADE
QLD1,"2016/11/23 09:00:00",6588.08,96.75,TRADE
QLD1,"2016/11/23 09:30:00",6603.67,133.14,TRADE
QLD1,"2016/11/23 10:00:00",6657.28,85.48,TRADE
QLD1,"2016/11/23 10:30:00",6703.86,139.25,TRADE
QLD1,"2016/11/23 11:00:00",6677.92,99.69,TRADE
QLD1,"2016/11/23 11:30:00",6788.08,73.73,TRADE
QLD1,"2016/11/23 12:00:00",6859.14,69.92,TRADE
QLD1,"2016/11/23 12:30:00",6913.9,103.91,TRADE
QLD1,"2016/11/23 13:00:00",6931.26,215.09,TRADE
QLD1,"2016/11/23 13:30:00",7037.47,84.03,TRADE
QLD1,"2016/11/23 14:00:00",7206.69,62.05,TRADE
QLD1,"2016/11/23 14:30:00",7272.47,59.38,TRADE
QLD1,"2016/11/23 15:00:00",7366.16,57.06,TRADE
QLD1,"2016/11/23 15:30:00",7446.05,103.57,TRADE
QLD1,"2016/11/23 16:00:00",7605.85,155.51,TRADE
QLD1,"2016/11/23 16:30:00",7694.2,144.57,TRADE
QLD1,"2016/11/23 17:00:00",7777.72,147.69,TRADE
QLD1,"2016/11/23 17:30:00",7696.71,54.35,TRADE
QLD1,"2016/11/23 18:00:00",7673.34,58.24,TRADE
QLD1,"2016/11/23 18:30:00",7622.08,55.35,TRADE
QLD1,"2016/11/23 19:00:00",7820.59,68.9,TRADE
QLD1,"2016/11/23 19:30:00",7779.66,63.9,TRADE
QLD1,"2016/11/23 20:00:00",7689.63,67.65,TRADE
QLD1,"2016/11/23 20:30:00",7551.86,61.74,TRADE
QLD1,"2016/11/23 21:00:00",7283.9,54.28,TRADE
QLD1,"2016/11/23 21:30:00",7087.11,54.07,TRADE
QLD1,"2016/11/23 22:00:00",6832.14,38.1,TRADE
QLD1,"2016/11/23 22:30:00",6684.12,46.76,TRADE
QLD1,"2016/11/23 23:00:00",6591.16,55.67,TRADE
QLD1,"2016/11/23 23:30:00",6349,55.26,TRADE
QLD1,"2016/11/24 00:00:00",6015.15,42.91,TRADE
QLD1,"2016/11/24 00:30:00",5835.26,49.34,TRADE
QLD1,"2016/11/24 01:00:00",5739.36,43.72,TRADE
QLD1,"2016/11/24 01:30:00",5617.65,36.46,TRADE
QLD1,"2016/11/24 02:00:00",5531.82,33.97,TRADE
QLD1,"2016/11/24 02:30:00",5470.55,31.16,TRADE
QLD1,"2016/11/24 03:00:00",5430.8,30.6,TRADE
QLD1,"2016/11/24 03:30:00",5439.72,33.71,TRADE
QLD1,"2016/11/24 04:00:00",5407.77,39.71,TRADE
QLD1,"2016/11/24 04:30:00",5467.51,43.14,TRADE
QLD1,"2016/11/24 05:00:00",5515.44,41.05,TRADE
QLD1,"2016/11/24 05:30:00",5628.48,48.47,TRADE
QLD1,"2016/11/24 06:00:00",5816.91,50.66,TRADE
QLD1,"2016/11/24 06:30:00",6151.36,77.63,TRADE
QLD1,"2016/11/24 07:00:00",6417.33,82.83,TRADE
QLD1,"2016/11/24 07:30:00",6689.55,61.36,TRADE
QLD1,"2016/11/24 08:00:00",6736.8,62.35,TRADE
QLD1,"2016/11/24 08:30:00",6781.87,62.77,TRADE
QLD1,"2016/11/24 09:00:00",6858.27,61.01,TRADE
QLD1,"2016/11/24 09:30:00",6928.94,65.91,TRADE
QLD1,"2016/11/24 10:00:00",7006.66,63.22,TRADE
QLD1,"2016/11/24 10:30:00",7063.95,68.64,TRADE
QLD1,"2016/11/24 11:00:00",7131.7,96.79,TRADE
QLD1,"2016/11/24 11:30:00",7201.17,61.38,TRADE
QLD1,"2016/11/24 12:00:00",7275.11,60.66,TRADE
QLD1,"2016/11/24 12:30:00",7369.69,59.04,TRADE
QLD1,"2016/11/24 13:00:00",7460.88,59.7,TRADE
QLD1,"2016/11/24 13:30:00",7539.62,83.65,TRADE
QLD1,"2016/11/24 14:00:00",7658.57,70.71,TRADE
QLD1,"2016/11/24 14:30:00",7736.21,71.91,TRADE
QLD1,"2016/11/24 15:00:00",7789.03,61.34,TRADE
QLD1,"2016/11/24 15:30:00",7768.76,62.41,TRADE
QLD1,"2016/11/24 16:00:00",7865.9,72.79,TRADE
QLD1,"2016/11/24 16:30:00",7928.99,63.63,TRADE
QLD1,"2016/11/24 17:00:00",7996.5,59.29,TRADE
QLD1,"2016/11/24 17:30:00",7906.26,55.92,TRADE
QLD1,"2016/11/24 18:00:00",7745.63,50.96,TRADE
QLD1,"2016/11/24 18:30:00",7646.75,49.82,TRADE
QLD1,"2016/11/24 19:00:00",7775.87,63.11,TRADE
QLD1,"2016/11/24 19:30:00",7703.37,67.93,TRADE
QLD1,"2016/11/24 20:00:00",7570.96,54.76,TRADE
QLD1,"2016/11/24 20:30:00",7437.59,49.66,TRADE
QLD1,"2016/11/24 21:00:00",7203.31,46.99,TRADE
QLD1,"2016/11/24 21:30:00",7043.99,48.63,TRADE
QLD1,"2016/11/24 22:00:00",6813.91,36.54,TRADE
QLD1,"2016/11/24 22:30:00",6605.68,94.87,TRADE
QLD1,"2016/11/24 23:00:00",6504.55,60.23,TRADE
QLD1,"2016/11/24 23:30:00",6275.26,52.42,TRADE
QLD1,"2016/11/25 00:00:00",5933.81,47.37,TRADE
QLD1,"2016/11/25 00:30:00",5780.07,42.48,TRADE
QLD1,"2016/11/25 01:00:00",5663.2,38.55,TRADE
QLD1,"2016/11/25 01:30:00",5538.31,31.66,TRADE
QLD1,"2016/11/25 02:00:00",5462.08,31.43,TRADE
QLD1,"2016/11/25 02:30:00",5416.28,33.11,TRADE
QLD1,"2016/11/25 03:00:00",5397.95,31.19,TRADE
QLD1,"2016/11/25 03:30:00",5355.92,34.06,TRADE
QLD1,"2016/11/25 04:00:00",5371.44,32.69,TRADE
QLD1,"2016/11/25 04:30:00",5436.67,36.39,TRADE
QLD1,"2016/11/25 05:00:00",5520.82,35.14,TRADE
QLD1,"2016/11/25 05:30:00",5595.96,40.81,TRADE
QLD1,"2016/11/25 06:00:00",5718.54,38.83,TRADE
QLD1,"2016/11/25 06:30:00",6037.19,54.92,TRADE
QLD1,"2016/11/25 07:00:00",6358.86,59.17,TRADE
QLD1,"2016/11/25 07:30:00",6574.54,55,TRADE
QLD1,"2016/11/25 08:00:00",6599.62,56.34,TRADE
QLD1,"2016/11/25 08:30:00",6632.53,56.44,TRADE
QLD1,"2016/11/25 09:00:00",6684.22,60.46,TRADE
QLD1,"2016/11/25 09:30:00",6695.68,61.31,TRADE
QLD1,"2016/11/25 10:00:00",6725.78,65.89,TRADE
QLD1,"2016/11/25 10:30:00",6707.92,55.67,TRADE
QLD1,"2016/11/25 11:00:00",6679.79,56.06,TRADE
QLD1,"2016/11/25 11:30:00",6706.64,57.5,TRADE
QLD1,"2016/11/25 12:00:00",6813.83,62.09,TRADE
QLD1,"2016/11/25 12:30:00",6827.56,58.78,TRADE
QLD1,"2016/11/25 13:00:00",6921.21,67.82,TRADE
QLD1,"2016/11/25 13:30:00",6965.9,61.01,TRADE
QLD1,"2016/11/25 14:00:00",7064.36,63.07,TRADE
QLD1,"2016/11/25 14:30:00",7120.59,58.28,TRADE
QLD1,"2016/11/25 15:00:00",7211.91,70.94,TRADE
QLD1,"2016/11/25 15:30:00",7319.1,73.67,TRADE
QLD1,"2016/11/25 16:00:00",7459.56,75.19,TRADE
QLD1,"2016/11/25 16:30:00",7562.57,69.27,TRADE
QLD1,"2016/11/25 17:00:00",7584.91,69.26,TRADE
QLD1,"2016/11/25 17:30:00",7528.88,55.66,TRADE
QLD1,"2016/11/25 18:00:00",7414.56,52.98,TRADE
QLD1,"2016/11/25 18:30:00",7333.29,50.23,TRADE
QLD1,"2016/11/25 19:00:00",7459.45,54.64,TRADE
QLD1,"2016/11/25 19:30:00",7443.02,55.92,TRADE
QLD1,"2016/11/25 20:00:00",7375.94,63.1,TRADE
QLD1,"2016/11/25 20:30:00",7254.56,59.31,TRADE
QLD1,"2016/11/25 21:00:00",7049.63,47.07,TRADE
QLD1,"2016/11/25 21:30:00",6930.53,42.19,TRADE
QLD1,"2016/11/25 22:00:00",6770.74,33.5,TRADE
QLD1,"2016/11/25 22:30:00",6633.2,82.49,TRADE
QLD1,"2016/11/25 23:00:00",6566.73,44.21,TRADE
QLD1,"2016/11/25 23:30:00",6332.32,54.32,TRADE
QLD1,"2016/11/26 00:00:00",6057.27,47.37,TRADE
QLD1,"2016/11/26 00:30:00",5914.24,41.83,TRADE
QLD1,"2016/11/26 01:00:00",5789.71,35.02,TRADE
QLD1,"2016/11/26 01:30:00",5642.01,31.66,TRADE
QLD1,"2016/11/26 02:00:00",5536.93,32.25,TRADE
QLD1,"2016/11/26 02:30:00",5480.11,30.6,TRADE
QLD1,"2016/11/26 03:00:00",5413.96,26.16,TRADE
QLD1,"2016/11/26 03:30:00",5438.95,29.45,TRADE
QLD1,"2016/11/26 04:00:00",5425.62,28.14,TRADE
QLD1,"2016/11/26 04:30:00",5460.5,30.76,TRADE
QLD1,"2016/11/26 05:00:00",5439.71,30.6,TRADE
QLD1,"2016/11/26 05:30:00",5487.21,29.78,TRADE
QLD1,"2016/11/26 06:00:00",5504.63,29.9,TRADE
QLD1,"2016/11/26 06:30:00",5667.69,34.23,TRADE
QLD1,"2016/11/26 07:00:00",5846.95,52.28,TRADE
QLD1,"2016/11/26 07:30:00",6021.95,40.65,TRADE
QLD1,"2016/11/26 08:00:00",6066.45,46.93,TRADE
QLD1,"2016/11/26 08:30:00",6233.93,56.42,TRADE
QLD1,"2016/11/26 09:00:00",6342.02,56.29,TRADE
QLD1,"2016/11/26 09:30:00",6380.05,59.48,TRADE
QLD1,"2016/11/26 10:00:00",6308.15,53.26,TRADE
QLD1,"2016/11/26 10:30:00",6351.97,55.03,TRADE
QLD1,"2016/11/26 11:00:00",6304.49,55.56,TRADE
QLD1,"2016/11/26 11:30:00",6254.19,54.78,TRADE
QLD1,"2016/11/26 12:00:00",6297.75,55.46,TRADE
QLD1,"2016/11/26 12:30:00",6265.14,49.63,TRADE
QLD1,"2016/11/26 13:00:00",6317.13,49.59,TRADE
QLD1,"2016/11/26 13:30:00",6413.04,55.02,TRADE
QLD1,"2016/11/26 14:00:00",6462.21,55.55,TRADE
QLD1,"2016/11/26 14:30:00",6508.78,55.67,TRADE
QLD1,"2016/11/26 15:00:00",6609.19,58.61,TRADE
QLD1,"2016/11/26 15:30:00",6633.73,61.45,TRADE
QLD1,"2016/11/26 16:00:00",6639.9,61.26,TRADE
QLD1,"2016/11/26 16:30:00",6650.69,56.54,TRADE
QLD1,"2016/11/26 17:00:00",6769.94,66.39,TRADE
QLD1,"2016/11/26 17:30:00",6779.05,70.89,TRADE
QLD1,"2016/11/26 18:00:00",6746.31,64.57,TRADE
QLD1,"2016/11/26 18:30:00",6780.31,60.5,TRADE
QLD1,"2016/11/26 19:00:00",6913.32,66.33,TRADE
QLD1,"2016/11/26 19:30:00",6861.22,59.74,TRADE
QLD1,"2016/11/26 20:00:00",6807.34,58.53,TRADE
QLD1,"2016/11/26 20:30:00",6715.52,55.67,TRADE
QLD1,"2016/11/26 21:00:00",6541.45,55.62,TRADE
QLD1,"2016/11/26 21:30:00",6487.21,55.82,TRADE
QLD1,"2016/11/26 22:00:00",6355.04,42.46,TRADE
QLD1,"2016/11/26 22:30:00",6258.64,91.71,TRADE
QLD1,"2016/11/26 23:00:00",6264.33,46.74,TRADE
QLD1,"2016/11/26 23:30:00",6061.52,53.45,TRADE
QLD1,"2016/11/27 00:00:00",5831.79,47.38,TRADE
QLD1,"2016/11/27 00:30:00",5643.1,38.64,TRADE
QLD1,"2016/11/27 01:00:00",5528.47,33.9,TRADE
QLD1,"2016/11/27 01:30:00",5413.72,33.91,TRADE
QLD1,"2016/11/27 02:00:00",5294.39,35.61,TRADE
QLD1,"2016/11/27 02:30:00",5276.68,30.79,TRADE
QLD1,"2016/11/27 03:00:00",5218.99,30.02,TRADE
QLD1,"2016/11/27 03:30:00",5224.86,27.65,TRADE
QLD1,"2016/11/27 04:00:00",5228.32,27.72,TRADE
QLD1,"2016/11/27 04:30:00",5241.21,29.55,TRADE
QLD1,"2016/11/27 05:00:00",5235.78,28.11,TRADE
QLD1,"2016/11/27 05:30:00",5221.94,26.04,TRADE
QLD1,"2016/11/27 06:00:00",5210.13,27.27,TRADE
QLD1,"2016/11/27 06:30:00",5323.49,29.6,TRADE
QLD1,"2016/11/27 07:00:00",5470.05,38.01,TRADE
QLD1,"2016/11/27 07:30:00",5610.92,36.59,TRADE
QLD1,"2016/11/27 08:00:00",5650.83,35.27,TRADE
QLD1,"2016/11/27 08:30:00",5698.25,42.41,TRADE
QLD1,"2016/11/27 09:00:00",5797.79,50.37,TRADE
QLD1,"2016/11/27 09:30:00",5894.4,54.98,TRADE
QLD1,"2016/11/27 10:00:00",5840.91,51.03,TRADE
QLD1,"2016/11/27 10:30:00",5804.76,51.15,TRADE
QLD1,"2016/11/27 11:00:00",5829.95,44.9,TRADE
QLD1,"2016/11/27 11:30:00",5879.88,41.48,TRADE
QLD1,"2016/11/27 12:00:00",5933.6,45.8,TRADE
QLD1,"2016/11/27 12:30:00",5955.63,49.13,TRADE
QLD1,"2016/11/27 13:00:00",6020.91,48.91,TRADE
QLD1,"2016/11/27 13:30:00",6142.14,52.09,TRADE
QLD1,"2016/11/27 14:00:00",6158.4,53.19,TRADE
QLD1,"2016/11/27 14:30:00",6259.55,55.7,TRADE
QLD1,"2016/11/27 15:00:00",6329.72,59.47,TRADE
QLD1,"2016/11/27 15:30:00",6433.72,58.99,TRADE
QLD1,"2016/11/27 16:00:00",6620.71,62.53,TRADE
QLD1,"2016/11/27 16:30:00",6745.7,63.11,TRADE
QLD1,"2016/11/27 17:00:00",6922.17,65.83,TRADE
QLD1,"2016/11/27 17:30:00",6936,60.84,TRADE
QLD1,"2016/11/27 18:00:00",6947.12,60.34,TRADE
QLD1,"2016/11/27 18:30:00",6954.7,59.28,TRADE
QLD1,"2016/11/27 19:00:00",7096.04,66.19,TRADE
QLD1,"2016/11/27 19:30:00",7115.46,61.86,TRADE
QLD1,"2016/11/27 20:00:00",7038.21,61.25,TRADE
QLD1,"2016/11/27 20:30:00",6956.29,57.45,TRADE
QLD1,"2016/11/27 21:00:00",6771.26,49.82,TRADE
QLD1,"2016/11/27 21:30:00",6612.02,38.09,TRADE
QLD1,"2016/11/27 22:00:00",6424.15,35.04,TRADE
QLD1,"2016/11/27 22:30:00",6254.24,43.43,TRADE
QLD1,"2016/11/27 23:00:00",6221.38,38.31,TRADE
QLD1,"2016/11/27 23:30:00",6055.46,53.85,TRADE
QLD1,"2016/11/28 00:00:00",5770.71,53.93,TRADE
QLD1,"2016/11/28 00:30:00",5620.21,42.42,TRADE
QLD1,"2016/11/28 01:00:00",5522.67,34.18,TRADE
QLD1,"2016/11/28 01:30:00",5410.94,34.61,TRADE
QLD1,"2016/11/28 02:00:00",5330.76,34.16,TRADE
QLD1,"2016/11/28 02:30:00",5315.79,33.65,TRADE
QLD1,"2016/11/28 03:00:00",5285.57,33.23,TRADE
QLD1,"2016/11/28 03:30:00",5249.89,35.23,TRADE
QLD1,"2016/11/28 04:00:00",5282.74,33.04,TRADE
QLD1,"2016/11/28 04:30:00",5342.96,41.6,TRADE
QLD1,"2016/11/28 05:00:00",5359.98,36.02,TRADE
QLD1,"2016/11/28 05:30:00",5503.58,42.98,TRADE
QLD1,"2016/11/28 06:00:00",5676.21,53.46,TRADE
QLD1,"2016/11/28 06:30:00",6063.96,66.13,TRADE
QLD1,"2016/11/28 07:00:00",6262.1,107.74,TRADE
QLD1,"2016/11/28 07:30:00",6550.74,64.41,TRADE
QLD1,"2016/11/28 08:00:00",6643.7,83.13,TRADE
QLD1,"2016/11/28 08:30:00",6755.68,92.23,TRADE
QLD1,"2016/11/28 09:00:00",6744.39,73.95,TRADE
QLD1,"2016/11/28 09:30:00",6767.85,78.41,TRADE
QLD1,"2016/11/28 10:00:00",6769.2,64.31,TRADE
QLD1,"2016/11/28 10:30:00",6804.45,63.61,TRADE
QLD1,"2016/11/28 11:00:00",6796.06,76.57,TRADE
QLD1,"2016/11/28 11:30:00",6795.47,68.65,TRADE
QLD1,"2016/11/28 12:00:00",6867.99,67.15,TRADE
QLD1,"2016/11/28 12:30:00",6892.71,70.32,TRADE
QLD1,"2016/11/28 13:00:00",6985.91,76.32,TRADE
QLD1,"2016/11/28 13:30:00",7026.53,66.76,TRADE
QLD1,"2016/11/28 14:00:00",7078.17,78.15,TRADE
QLD1,"2016/11/28 14:30:00",7208.45,107.71,TRADE
QLD1,"2016/11/28 15:00:00",7253.42,112.63,TRADE
QLD1,"2016/11/28 15:30:00",7299.21,127.45,TRADE
QLD1,"2016/11/28 16:00:00",7404.49,111.05,TRADE
QLD1,"2016/11/28 16:30:00",7479.42,112.51,TRADE
QLD1,"2016/11/28 17:00:00",7594.19,95.08,TRADE
QLD1,"2016/11/28 17:30:00",7555.51,88.41,TRADE
QLD1,"2016/11/28 18:00:00",7453.91,87.87,TRADE
QLD1,"2016/11/28 18:30:00",7406.06,75.93,TRADE
QLD1,"2016/11/28 19:00:00",7557.21,88.93,TRADE
QLD1,"2016/11/28 19:30:00",7475.72,92.14,TRADE
QLD1,"2016/11/28 20:00:00",7281.38,74.88,TRADE
QLD1,"2016/11/28 20:30:00",7193.38,83.72,TRADE
QLD1,"2016/11/28 21:00:00",7010.08,68.63,TRADE
QLD1,"2016/11/28 21:30:00",6859.98,55.37,TRADE
QLD1,"2016/11/28 22:00:00",6635.06,49.64,TRADE
QLD1,"2016/11/28 22:30:00",6401.26,67.84,TRADE
QLD1,"2016/11/28 23:00:00",6379.09,79.68,TRADE
QLD1,"2016/11/28 23:30:00",6160.28,68.58,TRADE
QLD1,"2016/11/29 00:00:00",5869.69,68.26,TRADE
QLD1,"2016/11/29 00:30:00",5694.48,57.19,TRADE
QLD1,"2016/11/29 01:00:00",5550.86,51.29,TRADE
QLD1,"2016/11/29 01:30:00",5445.13,54.97,TRADE
QLD1,"2016/11/29 02:00:00",5394.32,55.5,TRADE
QLD1,"2016/11/29 02:30:00",5338.16,55.22,TRADE
QLD1,"2016/11/29 03:00:00",5322.51,53.64,TRADE
QLD1,"2016/11/29 03:30:00",5332.74,47.04,TRADE
QLD1,"2016/11/29 04:00:00",5346.51,52.19,TRADE
QLD1,"2016/11/29 04:30:00",5383.64,56.85,TRADE
QLD1,"2016/11/29 05:00:00",5425.98,57.55,TRADE
QLD1,"2016/11/29 05:30:00",5576.25,69.62,TRADE
QLD1,"2016/11/29 06:00:00",5728.31,82.67,TRADE
QLD1,"2016/11/29 06:30:00",6018.18,91.3,TRADE
QLD1,"2016/11/29 07:00:00",6256.77,79.17,TRADE
QLD1,"2016/11/29 07:30:00",6524.2,66.02,TRADE
QLD1,"2016/11/29 08:00:00",6525.76,83.42,TRADE
QLD1,"2016/11/29 08:30:00",6529.74,99.26,TRADE
QLD1,"2016/11/29 09:00:00",6549.71,82.85,TRADE
QLD1,"2016/11/29 09:30:00",6603.5,80.92,TRADE
QLD1,"2016/11/29 10:00:00",6580.05,77.51,TRADE
QLD1,"2016/11/29 10:30:00",6563.78,98.49,TRADE
QLD1,"2016/11/29 11:00:00",6626.8,93.37,TRADE
QLD1,"2016/11/29 11:30:00",6671.01,85.05,TRADE
QLD1,"2016/11/29 12:00:00",6744.38,95.47,TRADE
QLD1,"2016/11/29 12:30:00",6810.11,150.38,TRADE
QLD1,"2016/11/29 13:00:00",6933.8,135.71,TRADE
QLD1,"2016/11/29 13:30:00",7008.88,164.52,TRADE
QLD1,"2016/11/29 14:00:00",7083.87,137.33,TRADE
QLD1,"2016/11/29 14:30:00",7185.01,101.83,TRADE
QLD1,"2016/11/29 15:00:00",7238.53,76.43,TRADE
QLD1,"2016/11/29 15:30:00",7339.38,81.01,TRADE
QLD1,"2016/11/29 16:00:00",7518.85,87.59,TRADE
QLD1,"2016/11/29 16:30:00",7627.16,82.28,TRADE
QLD1,"2016/11/29 17:00:00",7724.77,58.87,TRADE
QLD1,"2016/11/29 17:30:00",7667.08,60.15,TRADE
QLD1,"2016/11/29 18:00:00",7519.79,60.38,TRADE
QLD1,"2016/11/29 18:30:00",7410.87,58.32,TRADE
QLD1,"2016/11/29 19:00:00",7538.55,67.26,TRADE
QLD1,"2016/11/29 19:30:00",7543.43,65.38,TRADE
QLD1,"2016/11/29 20:00:00",7424.5,61.67,TRADE
QLD1,"2016/11/29 20:30:00",7321.31,66.37,TRADE
QLD1,"2016/11/29 21:00:00",7092.84,60.21,TRADE
QLD1,"2016/11/29 21:30:00",6891.55,54.33,TRADE
QLD1,"2016/11/29 22:00:00",6712.21,43.88,TRADE
QLD1,"2016/11/29 22:30:00",6529.67,94.51,TRADE
QLD1,"2016/11/29 23:00:00",6460.41,95.37,TRADE
QLD1,"2016/11/29 23:30:00",6244.33,57.35,TRADE
QLD1,"2016/11/30 00:00:00",5955.86,57.34,TRADE
QLD1,"2016/11/30 00:30:00",5758.92,52.83,TRADE
QLD1,"2016/11/30 01:00:00",5636.27,51.71,TRADE
QLD1,"2016/11/30 01:30:00",5543.13,44.3,TRADE
QLD1,"2016/11/30 02:00:00",5419.44,49.18,TRADE
QLD1,"2016/11/30 02:30:00",5375.96,53.19,TRADE
QLD1,"2016/11/30 03:00:00",5389.12,56.04,TRADE
QLD1,"2016/11/30 03:30:00",5406.01,57.86,TRADE
QLD1,"2016/11/30 04:00:00",5433.23,51.89,TRADE
QLD1,"2016/11/30 04:30:00",5475.6,55.78,TRADE
QLD1,"2016/11/30 05:00:00",5507.88,51.01,TRADE
QLD1,"2016/11/30 05:30:00",5643.69,65.35,TRADE
QLD1,"2016/11/30 06:00:00",5799.08,73.51,TRADE
QLD1,"2016/11/30 06:30:00",6116.29,81.4,TRADE
QLD1,"2016/11/30 07:00:00",6383.4,91.28,TRADE
QLD1,"2016/11/30 07:30:00",6626.41,70.47,TRADE
QLD1,"2016/11/30 08:00:00",6662.08,66.01,TRADE
QLD1,"2016/11/30 08:30:00",6712.16,106.43,TRADE
QLD1,"2016/11/30 09:00:00",6670.24,121.32,TRADE
QLD1,"2016/11/30 09:30:00",6732.09,152.18,TRADE
QLD1,"2016/11/30 10:00:00",6742.98,100.1,TRADE
QLD1,"2016/11/30 10:30:00",6798.11,95.2,TRADE
QLD1,"2016/11/30 11:00:00",6843.82,110.91,TRADE
QLD1,"2016/11/30 11:30:00",6913.87,95.11,TRADE
QLD1,"2016/11/30 12:00:00",7015.89,127.73,TRADE
QLD1,"2016/11/30 12:30:00",7106.93,125.36,TRADE
QLD1,"2016/11/30 13:00:00",7175.26,161.35,TRADE
QLD1,"2016/11/30 13:30:00",7251.38,190.14,TRADE
QLD1,"2016/11/30 14:00:00",7405.47,148.07,TRADE
QLD1,"2016/11/30 14:30:00",7581.26,80.82,TRADE
QLD1,"2016/11/30 15:00:00",7774.5,144.38,TRADE
QLD1,"2016/11/30 15:30:00",7769.07,116.73,TRADE
QLD1,"2016/11/30 16:00:00",7677.22,73.86,TRADE
QLD1,"2016/11/30 16:30:00",7574.74,79.79,TRADE
QLD1,"2016/11/30 17:00:00",7616.93,92.84,TRADE
QLD1,"2016/11/30 17:30:00",7593,76.22,TRADE
QLD1,"2016/11/30 18:00:00",7477.84,85.18,TRADE
QLD1,"2016/11/30 18:30:00",7420.16,79.47,TRADE
QLD1,"2016/11/30 19:00:00",7595.41,92.06,TRADE
QLD1,"2016/11/30 19:30:00",7556.49,87.4,TRADE
QLD1,"2016/11/30 20:00:00",7474.31,85.24,TRADE
QLD1,"2016/11/30 20:30:00",7359.62,82.52,TRADE
QLD1,"2016/11/30 21:00:00",7145.05,61.33,TRADE
QLD1,"2016/11/30 21:30:00",6959.17,57.06,TRADE
QLD1,"2016/11/30 22:00:00",6749.9,50.36,TRADE
QLD1,"2016/11/30 22:30:00",6564.45,85.69,TRADE
QLD1,"2016/11/30 23:00:00",6477.36,72.09,TRADE
QLD1,"2016/11/30 23:30:00",6292.93,64.28,TRADE
QLD1,"2016/12/01 00:00:00",5961.67,57.11,TRADE
